1600
1.00000000e-05 1.58535081e+02
1.10303700e-05 1.50954990e+02
1.21669100e-05 1.43737911e+02
1.34205500e-05 1.36866490e+02
1.48033600e-05 1.30324202e+02
1.63286500e-05 1.24095315e+02
1.80111100e-05 1.18164849e+02
1.98669100e-05 1.12518543e+02
2.19139400e-05 1.07142819e+02
2.41718900e-05 1.02024748e+02
2.66624800e-05 9.71520247e+01
2.94097100e-05 9.25129293e+01
3.24399900e-05 8.80963063e+01
3.57825100e-05 8.38915345e+01
3.94694300e-05 7.98885022e+01
4.35362400e-05 7.60775831e+01
4.80220800e-05 7.24496122e+01
5.29701300e-05 6.89958653e+01
5.84280100e-05 6.57080363e+01
6.44482500e-05 6.25782188e+01
7.10888100e-05 5.95988857e+01
7.84135800e-05 5.67628722e+01
8.64930800e-05 5.40633577e+01
9.54050600e-05 5.14938502e+01
1.05235300e-04 4.90481700e+01
1.16078400e-04 4.67204352e+01
1.28038800e-04 4.45050474e+01
1.41231500e-04 4.23966782e+01
1.55783600e-04 4.03902564e+01
1.71835100e-04 3.84809560e+01
1.89540400e-04 3.66641843e+01
2.09070100e-04 3.49355707e+01
2.30612000e-04 3.32909568e+01
2.54373600e-04 3.17263854e+01
2.80583500e-04 3.02380919e+01
3.09493900e-04 2.88224944e+01
3.41383200e-04 2.74761859e+01
3.76558300e-04 2.61959250e+01
4.15357700e-04 2.49786290e+01
4.58154900e-04 2.38213657e+01
5.05361800e-04 2.27213466e+01
5.57432800e-04 2.16759202e+01
6.14868900e-04 2.06825650e+01
6.78223200e-04 1.97439607e+01
6.83007400e-04 1.96730942e+01
7.48105200e-04 1.88514919e+01
7.58659600e-04 1.87183076e+01
8.25187700e-04 1.80032150e+01
8.42732700e-04 1.78146620e+01
9.10212500e-04 1.71971380e+01
9.36076600e-04 1.69604918e+01
1.00399800e-03 1.64314928e+01
1.03981060e-03 1.61526208e+01
1.10744690e-03 1.57044682e+01
1.15498360e-03 1.53895522e+01
1.22155490e-03 1.50144554e+01
1.28297640e-03 1.46684401e+01
1.34742020e-03 1.43598084e+01
1.42508320e-03 1.39879387e+01
1.48625420e-03 1.37390645e+01
1.58300790e-03 1.33454983e+01
1.63939330e-03 1.31507268e+01
1.75834720e-03 1.27399065e+01
1.80831140e-03 1.25934643e+01
1.95320350e-03 1.21688790e+01
1.99463430e-03 1.20659170e+01
2.16954690e-03 1.16313208e+01
2.20015530e-03 1.15668730e+01
2.40997150e-03 1.11251840e+01
2.42685260e-03 1.10950941e+01
2.67690810e-03 1.06494747e+01
2.95272860e-03 1.02337481e+01
2.97355740e-03 1.02023600e+01
3.25696870e-03 9.84143278e+00
3.30291870e-03 9.78292615e+00
3.59255680e-03 9.47337102e+00
3.69464090e-03 9.36428851e+00
3.96272290e-03 9.12549869e+00
4.13282100e-03 8.97401730e+00
4.37102980e-03 8.79743801e+00
4.62296860e-03 8.61072036e+00
4.82140740e-03 8.48849616e+00
5.17124730e-03 8.27306687e+00
5.31819050e-03 8.19799286e+00
5.78455110e-03 7.95978127e+00
5.86616070e-03 7.92546525e+00
6.47059200e-03 7.67136873e+00
6.51623620e-03 7.65218435e+00
7.13730200e-03 7.43901499e+00
7.34011160e-03 7.36941954e+00
7.87270780e-03 7.22051799e+00
8.26855880e-03 7.10987283e+00
8.68388760e-03 7.01610893e+00
9.37968970e-03 6.85906473e+00
9.57864890e-03 6.82311630e+00
1.05656037e-02 6.64483851e+00
1.06401345e-02 6.63137880e+00
1.16542513e-02 6.48613795e+00
1.21545046e-02 6.41451011e+00
1.28550698e-02 6.33572260e+00
1.38850905e-02 6.21991554e+00
1.41796170e-02 6.19416507e+00
1.56406415e-02 6.06646676e+00
1.59731900e-02 6.03740862e+00
1.72522055e-02 5.95194663e+00
1.85040202e-02 5.86832712e+00
1.90298201e-02 5.84192522e+00
2.09905947e-02 5.74350293e+00
2.15870517e-02 5.71357227e+00
2.31534016e-02 5.65524249e+00
2.52418800e-02 5.57749431e+00
2.53000000e-02 5.57563900e+00
2.79068348e-02 5.50518699e+00
2.99317462e-02 5.45048161e+00
3.07822700e-02 5.43418604e+00
3.39539812e-02 5.37344435e+00
3.59110316e-02 5.33597887e+00
3.74524958e-02 5.31567028e+00
4.13114868e-02 5.26485267e+00
4.36926115e-02 5.23350936e+00
4.55680964e-02 5.21712596e+00
5.02632940e-02 5.17613266e+00
5.42906724e-02 5.14098619e+00
5.54422705e-02 5.13464023e+00
6.11548730e-02 5.10318038e+00
6.74560846e-02 5.06849787e+00
6.93728790e-02 5.05795258e+00
7.44065538e-02 5.04141937e+00
8.20731781e-02 5.01625524e+00
9.05297481e-02 4.98851445e+00
9.11683540e-02 4.98642063e+00
9.98576572e-02 4.97053318e+00
1.10146686e-01 4.95173540e+00
1.21495864e-01 4.93101463e+00
1.24948223e-01 4.92471514e+00
1.34014427e-01 4.91632569e+00
1.47822865e-01 4.90356066e+00
1.63054082e-01 4.88949244e+00
1.79854678e-01 4.87398619e+00
1.82392103e-01 4.87164575e+00
1.98386355e-01 4.86586353e+00
2.18827480e-01 4.85848416e+00
2.41374796e-01 4.85035441e+00
2.66245319e-01 4.84139649e+00
2.93678424e-01 4.83152461e+00
3.06284433e-01 4.82699190e+00
3.23938153e-01 4.82465038e+00
3.57315753e-01 4.82023151e+00
3.94132478e-01 4.81536513e+00
4.34742686e-01 4.81000478e+00
4.79537247e-01 4.80409918e+00
5.28947302e-01 4.79759184e+00
5.83448419e-01 4.79042041e+00
6.00027363e-01 4.78824059e+00
6.43565164e-01 4.78787779e+00
7.09876156e-01 4.78733106e+00
7.83019630e-01 4.78673353e+00
8.63699584e-01 4.78607971e+00
9.52692555e-01 4.78536355e+00
1.05085509e+00 4.78457837e+00
1.15913199e+00 4.78371686e+00
1.27856542e+00 4.78277093e+00
1.41030490e+00 4.78173164e+00
1.55561841e+00 4.78058916e+00
1.71590459e+00 4.77933272e+00
1.89270617e+00 4.77795039e+00
2.08772484e+00 4.77642901e+00
2.30283763e+00 4.77475410e+00
2.54011500e+00 4.77290973e+00
2.82160517e+00 4.77072492e+00
3.11233476e+00 4.76847122e+00
3.43302024e+00 4.76598801e+00
3.81327316e+00 4.76304635e+00
4.23585202e+00 4.75977997e+00
4.70502931e+00 4.75615598e+00
4.97621929e+00 4.75406260e+00
5.22643069e+00 4.75405485e+00
5.88723055e+00 4.75403723e+00
6.53964097e+00 4.75402216e+00
7.26399371e+00 4.75400761e+00
8.01245347e+00 4.75399433e+00
8.83803223e+00 4.75398133e+00
9.74867612e+00 4.75396858e+00
1.07531500e+01 4.75395600e+00
1.19447913e+01 4.75394268e+00
1.31755461e+01 4.75393035e+00
1.47381503e+01 4.75391626e+00
1.61428511e+01 4.75390471e+00
1.76823022e+01 4.75389312e+00
1.93676116e+01 4.75388130e+00
2.16645874e+01 4.75386649e+00
2.38968404e+01 4.75385318e+00
2.61757450e+01 4.75384044e+00
2.86705689e+01 4.75382728e+00
3.14047166e+01 4.75381354e+00
3.46405629e+01 4.75379815e+00
3.87488926e+01 4.75377956e+00
4.30408509e+01 4.75376104e+00
4.74756489e+01 4.75374263e+00
5.23673949e+01 4.75372301e+00
5.69595745e+01 4.75370512e+00
6.23914825e+01 4.75368439e+00
6.88201105e+01 4.75366049e+00
7.69820941e+01 4.75363081e+00
8.55088910e+01 4.75360045e+00
9.43194664e+01 4.75356961e+00
1.02590489e+02 4.75354103e+00
1.16376623e+02 4.75349425e+00
1.29273234e+02 4.75345097e+00
1.42593154e+02 4.75340667e+00
1.56183781e+02 4.75336178e+00
1.72276482e+02 4.75330900e+00
1.94067652e+02 4.75323795e+00
2.15563241e+02 4.75316828e+00
2.37774220e+02 4.75309660e+00
2.60449384e+02 4.75302367e+00
2.79347511e+02 4.75296306e+00
3.12477795e+02 4.75285707e+00
3.44674554e+02 4.75275435e+00
3.88253223e+02 4.75261564e+00
4.31278623e+02 4.75247898e+00
4.75716257e+02 4.75233806e+00
5.17432567e+02 4.75220593e+00
5.58864758e+02 4.75207484e+00
6.25145457e+02 4.75186531e+00
6.84761993e+02 4.75167705e+00
7.65973955e+02 4.75142079e+00
8.56817559e+02 4.75113435e+00
9.58435107e+02 4.75081415e+00
1.02797886e+03 4.75059515e+00
1.19085428e+03 4.75008261e+00
1.29528217e+03 4.74975411e+00
1.49007227e+03 4.74914150e+00
1.66679307e+03 4.74858588e+00
1.87762494e+03 4.74792316e+00
2.02797132e+03 4.74745065e+00
2.39923806e+03 4.74628423e+00
2.79898506e+03 4.74502849e+00
3.28836957e+03 4.74349134e+00
3.73026143e+03 4.74210346e+00
4.38225859e+03 4.74005582e+00
5.00621448e+03 4.73809634e+00
6.71894281e+03 4.73271854e+00
8.40716662e+03 4.72741781e+00
1.00237114e+04 4.72234220e+00
2.00000000e+04 4.69102073e+00
2.75539104e+04 4.66730514e+00
3.48553325e+04 4.64438213e+00
4.63949995e+04 4.60815289e+00
5.21487853e+04 4.59008866e+00
6.65155472e+04 4.54498384e+00
7.84452000e+04 4.50753028e+00
9.73259481e+04 4.44825337e+00
1.34252819e+05 4.33231972e+00
1.57542214e+05 4.26802256e+00
2.11430252e+05 4.11924846e+00
2.44941782e+05 4.02672963e+00
2.64409580e+05 3.97843905e+00
3.40247142e+05 3.79032080e+00
3.49949755e+05 3.76625303e+00
3.96956606e+05 3.66139007e+00
4.31766357e+05 3.58373628e+00
4.59873918e+05 3.52103370e+00
5.03394166e+05 3.43374452e+00
5.83335695e+05 3.27340440e+00
5.91380376e+05 3.25884811e+00
6.57121549e+05 3.13989391e+00
6.92348325e+05 3.07615338e+00
7.88352097e+05 2.92087217e+00
8.27358900e+05 2.85778060e+00
9.58636142e+05 2.66806159e+00
1.01518292e+06 2.59487982e+00
1.09541801e+06 2.49104096e+00
1.14238226e+06 2.43620243e+00
1.21340018e+06 2.35327720e+00
1.30535799e+06 2.25559880e+00
1.33298146e+06 2.22625686e+00
1.44406325e+06 2.11868206e+00
1.55514504e+06 2.02045160e+00
1.66622682e+06 1.93086004e+00
1.76494572e+06 1.85859953e+00
1.81509743e+06 1.82496807e+00
1.87516281e+06 1.78468850e+00
2.01000000e+06 1.70502362e+00
2.03000000e+06 1.70192712e+00
2.04000000e+06 1.70860702e+00
2.04208480e+06 1.71420703e+00
2.05000000e+06 1.73546812e+00
2.05500000e+06 1.77088483e+00
2.06000000e+06 1.84815371e+00
2.06400000e+06 1.98590941e+00
2.06600000e+06 2.11421861e+00
2.06800000e+06 2.32557570e+00
2.06950000e+06 2.58395797e+00
2.07000000e+06 2.68343659e+00
2.07075000e+06 2.87984740e+00
2.07100000e+06 2.95602970e+00
2.07175000e+06 3.22565501e+00
2.07200000e+06 3.32815667e+00
2.07275000e+06 3.68718496e+00
2.07300000e+06 3.82140071e+00
2.07387500e+06 4.36061470e+00
2.07500000e+06 5.13407959e+00
2.07600000e+06 5.75738414e+00
2.07630000e+06 5.89943392e+00
2.07660000e+06 5.99828394e+00
2.07690000e+06 6.05556057e+00
2.07712500e+06 6.06867852e+00
2.07741250e+06 6.04747228e+00
2.07770000e+06 5.98675827e+00
2.07800000e+06 5.87900840e+00
2.07900000e+06 5.35732652e+00
2.08000000e+06 4.74346856e+00
2.08187500e+06 3.73360592e+00
2.08212500e+06 3.62532510e+00
2.08265625e+06 3.44283518e+00
2.08387500e+06 3.04339614e+00
2.08400000e+06 3.00949585e+00
2.08500000e+06 2.79968836e+00
2.08600000e+06 2.61259375e+00
2.08800000e+06 2.36620820e+00
2.09000000e+06 2.20747314e+00
2.09500000e+06 1.99030008e+00
2.10000000e+06 1.88512124e+00
2.11000000e+06 1.78876624e+00
2.12000000e+06 1.74460043e+00
2.13000000e+06 1.71931453e+00
2.14500000e+06 1.69633915e+00
2.16000000e+06 1.68053293e+00
2.19000000e+06 1.66005987e+00
2.24000000e+06 1.63730165e+00
2.31000000e+06 1.61779081e+00
2.40000000e+06 1.60737785e+00
2.47000000e+06 1.61210883e+00
2.53000000e+06 1.62715121e+00
2.53795729e+06 1.63071209e+00
2.58000000e+06 1.64952610e+00
2.62000000e+06 1.67604127e+00
2.66000000e+06 1.71229452e+00
2.69000000e+06 1.74819943e+00
2.72000000e+06 1.79232112e+00
2.74000000e+06 1.82861274e+00
2.76000000e+06 1.87169773e+00
2.78000000e+06 1.92397176e+00
2.80100000e+06 1.99979964e+00
2.80500000e+06 2.02503708e+00
2.80800000e+06 2.05637285e+00
2.81000000e+06 2.09793701e+00
2.81200000e+06 2.19128975e+00
2.81265625e+06 2.25242927e+00
2.81293750e+06 2.28798686e+00
2.81312500e+06 2.32033557e+00
2.81371875e+06 2.45238168e+00
2.81393750e+06 2.51375906e+00
2.81409375e+06 2.56914128e+00
2.81428125e+06 2.65158133e+00
2.81443750e+06 2.73558521e+00
2.81456250e+06 2.81526872e+00
2.81471875e+06 2.93235359e+00
2.81487500e+06 3.07109761e+00
2.81498438e+06 3.18421665e+00
2.81507812e+06 3.29339625e+00
2.81521875e+06 3.47799545e+00
2.81537500e+06 3.71002714e+00
2.81550000e+06 3.91528580e+00
2.81577539e+06 4.40163282e+00
2.81591797e+06 4.63864771e+00
2.81601953e+06 4.78365219e+00
2.81611328e+06 4.89357981e+00
2.81620312e+06 4.97429971e+00
2.81628125e+06 5.02243009e+00
2.81635938e+06 5.04727416e+00
2.81640625e+06 5.04984363e+00
2.81648438e+06 5.03202714e+00
2.81656250e+06 4.98601053e+00
2.81665625e+06 4.89610793e+00
2.81675000e+06 4.77550323e+00
2.81689062e+06 4.55799498e+00
2.81731250e+06 3.84034641e+00
2.81746875e+06 3.59523807e+00
2.81757031e+06 3.45225699e+00
2.81770312e+06 3.28681528e+00
2.81778125e+06 3.20035954e+00
2.81792188e+06 3.06393859e+00
2.81801562e+06 2.98660990e+00
2.81815625e+06 2.88968667e+00
2.81835938e+06 2.77709672e+00
2.81870312e+06 2.61379830e+00
2.81893750e+06 2.51755520e+00
2.81906250e+06 2.47657891e+00
2.81921875e+06 2.43702905e+00
2.81971875e+06 2.34395216e+00
2.82003125e+06 2.29902557e+00
2.82012500e+06 2.28936980e+00
2.82178125e+06 2.18551701e+00
2.82200000e+06 2.17525914e+00
2.82400000e+06 2.13488950e+00
2.82600000e+06 2.12215062e+00
2.82800000e+06 2.12015480e+00
2.83650000e+06 2.14618624e+00
2.84500000e+06 2.18734409e+00
2.85750000e+06 2.26399329e+00
2.87000000e+06 2.35679352e+00
2.88000000e+06 2.44567148e+00
2.89000000e+06 2.55021532e+00
2.90000000e+06 2.67328115e+00
2.91000000e+06 2.81680915e+00
2.93000000e+06 3.14216333e+00
2.93500000e+06 3.21171008e+00
2.94100000e+06 3.26561860e+00
2.94300000e+06 3.27195647e+00
2.94650000e+06 3.26176343e+00
2.95000000e+06 3.22391537e+00
2.95500000e+06 3.10452291e+00
2.96000000e+06 2.90604635e+00
2.96500000e+06 2.63990161e+00
2.97500000e+06 2.03602467e+00
2.97869237e+06 1.83995539e+00
2.98000000e+06 1.77051874e+00
2.98500000e+06 1.55798866e+00
2.99000000e+06 1.40126404e+00
2.99500000e+06 1.29402632e+00
3.00000000e+06 1.22642982e+00
3.00500000e+06 1.18863504e+00
3.01000000e+06 1.17234791e+00
3.01500000e+06 1.17115722e+00
3.02000000e+06 1.18034158e+00
3.02500000e+06 1.19654831e+00
3.03250000e+06 1.22922625e+00
3.07500000e+06 1.45368403e+00
3.10000000e+06 1.57711759e+00
3.13000000e+06 1.71156888e+00
3.16500000e+06 1.85524525e+00
3.21000000e+06 2.02641281e+00
3.26000000e+06 2.20185552e+00
3.30500000e+06 2.34468218e+00
3.34500000e+06 2.45615505e+00
3.38000000e+06 2.53881330e+00
3.41500000e+06 2.60474748e+00
3.45000000e+06 2.65297849e+00
3.48500000e+06 2.68200996e+00
3.52000000e+06 2.69271459e+00
3.55750000e+06 2.68375987e+00
3.59500000e+06 2.65801916e+00
3.64000000e+06 2.60668388e+00
3.69500000e+06 2.52148864e+00
3.76500000e+06 2.39107014e+00
3.83377493e+06 2.25254686e+00
3.94000000e+06 2.03859314e+00
4.00000000e+06 1.92868075e+00
4.04000000e+06 1.86610011e+00
4.07000000e+06 1.83023889e+00
4.09000000e+06 1.81525559e+00
4.11000000e+06 1.81119497e+00
4.12500000e+06 1.81864097e+00
4.14000000e+06 1.83606797e+00
4.15000000e+06 1.85546609e+00
4.16000000e+06 1.88154420e+00
4.17000000e+06 1.91462175e+00
4.18500000e+06 1.97729550e+00
4.22000000e+06 2.15009556e+00
4.23000000e+06 2.19342544e+00
4.24000000e+06 2.22783526e+00
4.25000000e+06 2.25116032e+00
4.26031250e+06 2.26264286e+00
4.27015625e+06 2.26242759e+00
4.28000000e+06 2.25241276e+00
4.29500000e+06 2.22206752e+00
4.31500000e+06 2.16591964e+00
4.37500000e+06 1.97507361e+00
4.41000000e+06 1.87825569e+00
4.44500000e+06 1.79592710e+00
4.47461481e+06 1.73674024e+00
4.48500000e+06 1.71598486e+00
4.53000000e+06 1.63976584e+00
4.58000000e+06 1.56753819e+00
4.64000000e+06 1.49288539e+00
4.71500000e+06 1.41168960e+00
4.80000000e+06 1.32596543e+00
4.81299800e+06 1.30796624e+00
4.82000000e+06 1.30661049e+00
4.83000000e+06 1.30272619e+00
4.84000000e+06 1.29759429e+00
4.85000000e+06 1.29189468e+00
4.86000000e+06 1.28585261e+00
4.86500000e+06 1.28271423e+00
4.87000000e+06 1.28039658e+00
4.88000000e+06 1.27558804e+00
4.89000000e+06 1.27064522e+00
4.90000000e+06 1.26559469e+00
4.90200000e+06 1.26457344e+00
4.90400000e+06 1.26354878e+00
4.90600000e+06 1.26252085e+00
4.90800000e+06 1.26148974e+00
4.91000000e+06 1.26045558e+00
4.91100000e+06 1.25993702e+00
4.91200000e+06 1.25983742e+00
4.91400000e+06 1.25963535e+00
4.91600000e+06 1.25943053e+00
4.91800000e+06 1.25922302e+00
4.92000000e+06 1.25901290e+00
4.92200000e+06 1.26105934e+00
4.92400000e+06 1.26310334e+00
4.92500000e+06 1.26412415e+00
4.92600000e+06 1.26754507e+00
4.92800000e+06 1.27438459e+00
4.93000000e+06 1.29257790e+00
4.93100000e+06 1.31095076e+00
4.93200000e+06 1.34392941e+00
4.93256250e+06 1.37437843e+00
4.93287500e+06 1.39780819e+00
4.93300000e+06 1.41053730e+00
4.93312500e+06 1.42326635e+00
4.93342969e+06 1.46275145e+00
4.93363672e+06 1.49523437e+00
4.93380859e+06 1.52880771e+00
4.93393750e+06 1.56029845e+00
4.93400000e+06 1.57881603e+00
4.93406250e+06 1.59733358e+00
4.93424219e+06 1.66184840e+00
4.93440625e+06 1.73026583e+00
4.93455859e+06 1.80108967e+00
4.93467969e+06 1.86420645e+00
4.93479688e+06 1.93428846e+00
4.93490234e+06 2.00814932e+00
4.93500000e+06 2.08823730e+00
4.93500000e+06 2.08823812e+00
4.93508203e+06 2.16571064e+00
4.93517188e+06 2.26237684e+00
4.93526562e+06 2.37718791e+00
4.93535547e+06 2.50082189e+00
4.93544141e+06 2.63111773e+00
4.93550000e+06 2.72881463e+00
4.93557812e+06 2.85907881e+00
4.93587500e+06 3.38511899e+00
4.93596875e+06 3.53700756e+00
4.93600000e+06 3.58148610e+00
4.93606250e+06 3.67044316e+00
4.93615625e+06 3.77880133e+00
4.93622656e+06 3.83985239e+00
4.93629688e+06 3.88092594e+00
4.93637500e+06 3.90079129e+00
4.93639038e+06 3.90134691e+00
4.93646338e+06 3.88856978e+00
4.93650000e+06 3.86989606e+00
4.93653125e+06 3.85396067e+00
4.93659375e+06 3.80355460e+00
4.93665625e+06 3.73691818e+00
4.93675000e+06 3.61129083e+00
4.93684375e+06 3.46267968e+00
4.93698438e+06 3.21623454e+00
4.93700000e+06 3.18843636e+00
4.93718750e+06 2.85485816e+00
4.93730469e+06 2.66040196e+00
4.93740625e+06 2.50568819e+00
4.93749609e+06 2.38117744e+00
4.93750000e+06 2.37628077e+00
4.93758203e+06 2.27344300e+00
4.93767188e+06 2.17252793e+00
4.93776953e+06 2.07561217e+00
4.93787500e+06 1.98445452e+00
4.93798047e+06 1.90566450e+00
4.93800000e+06 1.89303433e+00
4.93808203e+06 1.83998644e+00
4.93819922e+06 1.77484462e+00
4.93834375e+06 1.70740875e+00
4.93850000e+06 1.64725306e+00
4.93866406e+06 1.59538836e+00
4.93884375e+06 1.54899880e+00
4.93900000e+06 1.51628509e+00
4.93903906e+06 1.50810655e+00
4.93925781e+06 1.47133836e+00
4.93950000e+06 1.43925459e+00
4.93951562e+06 1.43718467e+00
4.93982812e+06 1.40552173e+00
4.94000000e+06 1.39156346e+00
4.94050000e+06 1.36013760e+00
4.94100000e+06 1.33651955e+00
4.94200000e+06 1.30606018e+00
4.94300000e+06 1.28767552e+00
4.94400000e+06 1.27611569e+00
4.94600000e+06 1.26240748e+00
4.94800000e+06 1.25533168e+00
4.94900000e+06 1.25179293e+00
4.95000000e+06 1.25009463e+00
4.95200000e+06 1.24669639e+00
4.95400000e+06 1.24329654e+00
4.95500000e+06 1.24159584e+00
4.95600000e+06 1.24084121e+00
4.95800000e+06 1.23933042e+00
4.96000000e+06 1.23781815e+00
4.96200000e+06 1.23630442e+00
4.96400000e+06 1.23478929e+00
4.96600000e+06 1.23327277e+00
4.96800000e+06 1.23175491e+00
4.97000000e+06 1.23023575e+00
4.97200000e+06 1.22871529e+00
4.97300000e+06 1.22795444e+00
4.97400000e+06 1.22747066e+00
4.97600000e+06 1.22650189e+00
4.97800000e+06 1.22553192e+00
4.98000000e+06 1.22456079e+00
4.98200000e+06 1.22358853e+00
4.98400000e+06 1.22261516e+00
4.98600000e+06 1.22164071e+00
4.98800000e+06 1.22066520e+00
4.99000000e+06 1.21968867e+00
4.99200000e+06 1.21871113e+00
4.99400000e+06 1.21773261e+00
4.99600000e+06 1.21675313e+00
4.99800000e+06 1.21577271e+00
5.00000000e+06 1.21479137e+00
5.01000000e+06 1.20987170e+00
5.02000000e+06 1.20493216e+00
5.03000000e+06 1.19997497e+00
5.04000000e+06 1.19500214e+00
5.05000000e+06 1.19001547e+00
5.05500000e+06 1.18751603e+00
5.06000000e+06 1.18525037e+00
5.07000000e+06 1.18070834e+00
5.08000000e+06 1.17615696e+00
5.09000000e+06 1.17159749e+00
5.10000000e+06 1.16703105e+00
5.11000000e+06 1.16245870e+00
5.12000000e+06 1.15788135e+00
5.13000000e+06 1.15329988e+00
5.14000000e+06 1.14871503e+00
5.14258184e+06 1.14753060e+00
5.15000000e+06 1.14412750e+00
5.16000000e+06 1.13953783e+00
5.17000000e+06 1.13494651e+00
5.18000000e+06 1.13035387e+00
5.19000000e+06 1.12576016e+00
5.20000000e+06 1.12116546e+00
5.21000000e+06 1.11656967e+00
5.22000000e+06 1.11197253e+00
5.23000000e+06 1.10737351e+00
5.24000000e+06 1.10277181e+00
5.25000000e+06 1.09816634e+00
5.26000000e+06 1.09355568e+00
5.27000000e+06 1.08893822e+00
5.28000000e+06 1.08431255e+00
5.29000000e+06 1.07967858e+00
5.29500000e+06 1.07735982e+00
5.30000000e+06 1.07640362e+00
5.30500000e+06 1.07545109e+00
5.31000000e+06 1.07450748e+00
5.31500000e+06 1.07746428e+00
5.31750000e+06 1.07896150e+00
5.32000000e+06 1.08207140e+00
5.32500000e+06 1.08836393e+00
5.33000000e+06 1.10411950e+00
5.33500000e+06 1.13326684e+00
5.34000000e+06 1.18642254e+00
5.34200000e+06 1.21863555e+00
5.34400000e+06 1.26063426e+00
5.34600000e+06 1.31461558e+00
5.34800000e+06 1.38353789e+00
5.35000000e+06 1.47032586e+00
5.35200000e+06 1.57680311e+00
5.35400000e+06 1.70163104e+00
5.35600000e+06 1.83646353e+00
5.35800000e+06 1.97147453e+00
5.36000000e+06 2.08118216e+00
5.36200000e+06 2.14746984e+00
5.36400000e+06 2.16131513e+00
5.36600000e+06 2.12772337e+00
5.36800000e+06 2.06115477e+00
5.37000000e+06 1.97647776e+00
5.37200000e+06 1.89155595e+00
5.37500000e+06 1.77070603e+00
5.38000000e+06 1.60990117e+00
5.38500000e+06 1.49661019e+00
5.39000000e+06 1.41730252e+00
5.39500000e+06 1.36040314e+00
5.40000000e+06 1.31829840e+00
5.40500000e+06 1.28619436e+00
5.41000000e+06 1.26104754e+00
5.41500000e+06 1.24091155e+00
5.42000000e+06 1.22528439e+00
5.42250000e+06 1.21751361e+00
5.42500000e+06 1.21160649e+00
5.43000000e+06 1.19985987e+00
5.43250000e+06 1.19401386e+00
5.43500000e+06 1.18973363e+00
5.44000000e+06 1.18121798e+00
5.44500000e+06 1.17273983e+00
5.45000000e+06 1.16696183e+00
5.46000000e+06 1.15548472e+00
5.46500000e+06 1.14978867e+00
5.47000000e+06 1.14586916e+00
5.48000000e+06 1.13809883e+00
5.49000000e+06 1.13038631e+00
5.50000000e+06 1.12539895e+00
5.52000000e+06 1.11555527e+00
5.53000000e+06 1.11071053e+00
5.54000000e+06 1.10744687e+00
5.56000000e+06 1.10105906e+00
5.58000000e+06 1.09480185e+00
5.60000000e+06 1.09091342e+00
5.62000000e+06 1.08714620e+00
5.64000000e+06 1.08349667e+00
5.65000000e+06 1.08172901e+00
5.66000000e+06 1.08077261e+00
5.68000000e+06 1.07896972e+00
5.70000000e+06 1.07727143e+00
5.72000000e+06 1.07567113e+00
5.73000000e+06 1.07491574e+00
5.74000000e+06 1.07488585e+00
5.76000000e+06 1.07490507e+00
5.78000000e+06 1.07499050e+00
5.80000000e+06 1.07512682e+00
5.81000000e+06 1.07521123e+00
5.82000000e+06 1.07607645e+00
5.84000000e+06 1.07781789e+00
5.86000000e+06 1.07954572e+00
5.88000000e+06 1.08123166e+00
5.89000000e+06 1.08203798e+00
5.90000000e+06 1.08374478e+00
5.92000000e+06 1.08705030e+00
5.94000000e+06 1.09021011e+00
5.96000000e+06 1.09318412e+00
5.98000000e+06 1.09812311e+00
6.00000000e+06 1.10279259e+00
6.01000000e+06 1.10497202e+00
6.02000000e+06 1.10816284e+00
6.04000000e+06 1.11419628e+00
6.06000000e+06 1.11985012e+00
6.08000000e+06 1.12856588e+00
6.09000000e+06 1.13272251e+00
6.10000000e+06 1.13840362e+00
6.11000000e+06 1.14394077e+00
6.11500000e+06 1.14666585e+00
6.12000000e+06 1.15051057e+00
6.13000000e+06 1.15812481e+00
6.13500000e+06 1.16190312e+00
6.14000000e+06 1.16685884e+00
6.15000000e+06 1.17673826e+00
6.16000000e+06 1.19008828e+00
6.16500000e+06 1.19679259e+00
6.17000000e+06 1.20556616e+00
6.18000000e+06 1.22325050e+00
6.18120000e+06 1.22610144e+00
6.19000000e+06 1.24704635e+00
6.20000000e+06 1.27777722e+00
6.21000000e+06 1.31813435e+00
6.22000000e+06 1.37254369e+00
6.23000000e+06 1.44782562e+00
6.24000000e+06 1.55440064e+00
6.24500000e+06 1.62427128e+00
6.25000000e+06 1.70883349e+00
6.25200000e+06 1.74873307e+00
6.25400000e+06 1.78897675e+00
6.25600000e+06 1.83528661e+00
6.25800000e+06 1.88199867e+00
6.26000000e+06 1.93525250e+00
6.26200000e+06 1.98896004e+00
6.26400000e+06 2.04934121e+00
6.26600000e+06 2.11020319e+00
6.26800000e+06 2.17855621e+00
6.27000000e+06 2.24736253e+00
6.27200000e+06 2.31657456e+00
6.27400000e+06 2.38611448e+00
6.27600000e+06 2.45586760e+00
6.27800000e+06 2.52567832e+00
6.28000000e+06 2.58949056e+00
6.28100000e+06 2.62120783e+00
6.28200000e+06 2.64892313e+00
6.28300000e+06 2.67631594e+00
6.28400000e+06 2.69827691e+00
6.28500000e+06 2.71977527e+00
6.28600000e+06 2.74127374e+00
6.28800000e+06 2.76833906e+00
6.29000000e+06 2.78064587e+00
6.29100000e+06 2.77918495e+00
6.29200000e+06 2.77730892e+00
6.29300000e+06 2.76791153e+00
6.29400000e+06 2.75808915e+00
6.29500000e+06 2.74108296e+00
6.29600000e+06 2.72366597e+00
6.29700000e+06 2.69918435e+00
6.29800000e+06 2.67432852e+00
6.29850000e+06 2.66172606e+00
6.29900000e+06 2.64621462e+00
6.30000000e+06 2.61487173e+00
6.30100000e+06 2.58324045e+00
6.30200000e+06 2.54667423e+00
6.30300000e+06 2.50988850e+00
6.30400000e+06 2.47291908e+00
6.30450000e+06 2.45436027e+00
6.30500000e+06 2.43476982e+00
6.30600000e+06 2.39547571e+00
6.30800000e+06 2.31668160e+00
6.31000000e+06 2.23782078e+00
6.31200000e+06 2.15911757e+00
6.31400000e+06 2.08595900e+00
6.31500000e+06 2.04964236e+00
6.31600000e+06 2.01599200e+00
6.31800000e+06 1.94937037e+00
6.32000000e+06 1.89025896e+00
6.32100000e+06 1.86118666e+00
6.32200000e+06 1.83512497e+00
6.32400000e+06 1.78411999e+00
6.32600000e+06 1.74099868e+00
6.32700000e+06 1.72017578e+00
6.32800000e+06 1.70207404e+00
6.33000000e+06 1.66755915e+00
6.33200000e+06 1.64054873e+00
6.33300000e+06 1.62811937e+00
6.33400000e+06 1.61786448e+00
6.33600000e+06 1.59970148e+00
6.33800000e+06 1.58840560e+00
6.34000000e+06 1.57945331e+00
6.34200000e+06 1.57588520e+00
6.34400000e+06 1.57345709e+00
6.34600000e+06 1.57095608e+00
6.34800000e+06 1.56689017e+00
6.35000000e+06 1.55978146e+00
6.35200000e+06 1.54852645e+00
6.35400000e+06 1.53266135e+00
6.35600000e+06 1.51240474e+00
6.35800000e+06 1.48848573e+00
6.35900000e+06 1.47518007e+00
6.36000000e+06 1.46336518e+00
6.36200000e+06 1.43801370e+00
6.36500000e+06 1.39850527e+00
6.37000000e+06 1.34124335e+00
6.37500000e+06 1.29360292e+00
6.38000000e+06 1.25480811e+00
6.38500000e+06 1.22397700e+00
6.38750000e+06 1.20997189e+00
6.39000000e+06 1.19785675e+00
6.39500000e+06 1.17582065e+00
6.39750000e+06 1.16565210e+00
6.40000000e+06 1.15708011e+00
6.41000000e+06 1.12648164e+00
6.42000000e+06 1.10417086e+00
6.42500000e+06 1.09412121e+00
6.43000000e+06 1.08596418e+00
6.44000000e+06 1.07116752e+00
6.45000000e+06 1.06635373e+00
6.47000000e+06 1.05883084e+00
6.49000000e+06 1.05722945e+00
6.50000000e+06 1.04676691e+00
6.51000000e+06 1.03630444e+00
6.51031250e+06 1.03623634e+00
6.54000000e+06 9.71467002e-01
6.55300000e+06 8.95110945e-01
6.55650000e+06 8.72349699e-01
6.56000000e+06 8.48759908e-01
6.57000000e+06 7.70303363e-01
6.58000000e+06 7.33133111e-01
6.59000000e+06 7.43400779e-01
6.60000000e+06 7.38441474e-01
6.62000000e+06 7.81245215e-01
6.64000000e+06 7.65793523e-01
6.65771875e+06 9.30941839e-01
6.65800000e+06 9.31992848e-01
6.66500000e+06 8.64789258e-01
6.66512500e+06 8.63873480e-01
6.67000000e+06 8.49495293e-01
6.68000000e+06 8.42955083e-01
6.70000000e+06 8.36632723e-01
6.75000000e+06 8.15853377e-01
6.81000000e+06 7.97841678e-01
6.92000000e+06 7.69897076e-01
7.00000000e+06 7.45094878e-01
7.05300000e+06 7.49082522e-01
7.10000000e+06 7.48932891e-01
7.14000000e+06 7.68139900e-01
7.18000000e+06 7.98019088e-01
7.20000000e+06 8.44547021e-01
7.22000000e+06 8.79059955e-01
7.22500000e+06 8.88187939e-01
7.25000000e+06 9.77003835e-01
7.27000000e+06 1.06976751e+00
7.28000000e+06 1.13908089e+00
7.34000000e+06 1.64512663e+00
7.35000000e+06 1.75327523e+00
7.36000000e+06 1.75683868e+00
7.37000000e+06 1.80697683e+00
7.40000000e+06 1.78256366e+00
7.40125000e+06 1.78091577e+00
7.42000000e+06 1.77087697e+00
7.47000000e+06 1.75578636e+00
7.52900000e+06 1.75365179e+00
7.54200000e+06 1.73678493e+00
7.55300000e+06 1.72539360e+00
7.59400000e+06 1.70376482e+00
7.62000000e+06 1.70123174e+00
7.64937500e+06 1.72281197e+00
7.65000000e+06 1.72491345e+00
7.66700000e+06 1.78204813e+00
7.68000000e+06 1.80982048e+00
7.69800000e+06 1.92652358e+00
7.70000000e+06 1.93463165e+00
7.72500000e+06 2.22489793e+00
7.74500000e+06 2.42116437e+00
7.75000000e+06 2.38933671e+00
7.76700000e+06 2.29247190e+00
7.77000000e+06 2.27278405e+00
7.78900000e+06 2.14391552e+00
7.81000000e+06 2.05709023e+00
7.81056250e+06 2.05464119e+00
7.81900000e+06 2.05843496e+00
7.86000000e+06 2.00179633e+00
7.88640000e+06 1.96796752e+00
7.88800000e+06 1.95164077e+00
7.89700000e+06 1.94547998e+00
7.93000000e+06 1.91219408e+00
7.93600000e+06 1.89219192e+00
8.00000000e+06 1.85321657e+00
8.00468750e+06 1.86100218e+00
8.00500000e+06 1.86089802e+00
8.01000000e+06 1.82109821e+00
8.01400000e+06 1.85261301e+00
8.04400000e+06 1.84442884e+00
8.05300000e+06 1.88152734e+00
8.07900000e+06 1.88325930e+00
8.08000000e+06 1.87787889e+00
8.09968750e+06 1.88838970e+00
8.10000000e+06 1.89038549e+00
8.10100000e+06 1.89969701e+00
8.10500000e+06 1.88795773e+00
8.10900000e+06 1.86822973e+00
8.12000000e+06 1.84968889e+00
8.13100000e+06 1.81416199e+00
8.13800000e+06 1.79810176e+00
8.16000000e+06 1.71407001e+00
8.16600000e+06 1.67051731e+00
8.20000000e+06 1.51744079e+00
8.21000000e+06 1.47154602e+00
8.21800000e+06 1.45284648e+00
8.24000000e+06 1.39994772e+00
8.28000000e+06 1.29903310e+00
8.29580000e+06 1.26242883e+00
8.29600000e+06 1.26165726e+00
8.29620000e+06 1.26103981e+00
8.32000000e+06 1.23388730e+00
8.33000000e+06 1.21362860e+00
8.39100000e+06 1.14707799e+00
8.40000000e+06 1.13719839e+00
8.42600000e+06 1.13536281e+00
8.44800000e+06 1.11677434e+00
8.45000000e+06 1.10367530e+00
8.48000000e+06 1.10673860e+00
8.49950000e+06 1.08121070e+00
8.50000000e+06 1.07811106e+00
8.52000000e+06 1.08313532e+00
8.55300000e+06 1.06666283e+00
8.60000000e+06 1.07748510e+00
8.61100000e+06 1.07931371e+00
8.66400000e+06 1.06655820e+00
8.70000000e+06 1.06764502e+00
8.70042188e+06 1.06772338e+00
8.70800000e+06 1.06295849e+00
8.75000000e+06 1.06159872e+00
8.76800000e+06 1.06774575e+00
8.80000000e+06 1.07191946e+00
8.83300000e+06 1.07635776e+00
8.85000000e+06 1.07733620e+00
8.88500000e+06 1.09741371e+00
8.92000000e+06 1.08665960e+00
8.94000000e+06 1.10397340e+00
8.98000000e+06 1.13166344e+00
9.00000000e+06 1.13345845e+00
9.00500000e+06 1.15214462e+00
9.02000000e+06 1.15485119e+00
9.03000000e+06 1.16665741e+00
9.03250000e+06 1.16891729e+00
9.04500000e+06 1.17532428e+00
9.05300000e+06 1.19709257e+00
9.06700000e+06 1.19732488e+00
9.08000000e+06 1.22335960e+00
9.14900000e+06 1.28892385e+00
9.16300000e+06 1.30707377e+00
9.18000000e+06 1.30198081e+00
9.20650000e+06 1.32152503e+00
9.21900000e+06 1.32975155e+00
9.25000000e+06 1.32651485e+00
9.25400000e+06 1.33863652e+00
9.30000000e+06 1.31961739e+00
9.36000000e+06 1.29295073e+00
9.40000000e+06 1.27018654e+00
9.45000000e+06 1.25305182e+00
9.50000000e+06 1.23532003e+00
9.52200000e+06 1.23494111e+00
9.55300000e+06 1.22381320e+00
9.56000000e+06 1.22843000e+00
9.56475000e+06 1.22874675e+00
9.59000000e+06 1.22189161e+00
9.60000000e+06 1.21937671e+00
9.63000000e+06 1.22303869e+00
9.64000000e+06 1.23124399e+00
9.67800000e+06 1.22479423e+00
9.68000000e+06 1.22367056e+00
9.69200000e+06 1.22612853e+00
9.70000000e+06 1.23591764e+00
9.72600000e+06 1.23122180e+00
9.74000000e+06 1.24565701e+00
9.75000000e+06 1.22690334e+00
9.80000000e+06 1.22929197e+00
9.82100000e+06 1.21760349e+00
9.83000000e+06 1.21864226e+00
9.86800000e+06 1.19826806e+00
9.90000000e+06 1.18231084e+00
9.91700000e+06 1.18255402e+00
9.92100000e+06 1.17456766e+00
9.92218750e+06 1.17334588e+00
1.00000000e+07 1.17295576e+00
1.00500000e+07 1.14701683e+00
1.00530000e+07 1.13938318e+00
1.01700000e+07 1.11830379e+00
1.01948297e+07 1.11659401e+00
1.02500000e+07 1.11279497e+00
1.03000000e+07 1.11160196e+00
1.03386604e+07 1.12561321e+00
1.03720000e+07 1.13769608e+00
1.04000000e+07 1.14569603e+00
1.04480000e+07 1.16189868e+00
1.04780000e+07 1.17929989e+00
1.04845203e+07 1.18416053e+00
1.05000000e+07 1.19570000e+00
1.05060000e+07 1.19620134e+00
1.05360000e+07 1.21209813e+00
1.05500000e+07 1.20959799e+00
1.05530000e+07 1.22240371e+00
1.06200000e+07 1.25459723e+00
1.06900000e+07 1.29849638e+00
1.07000000e+07 1.29880201e+00
1.07018838e+07 1.30003019e+00
1.07500000e+07 1.33140001e+00
1.08000000e+07 1.35519802e+00
1.08300000e+07 1.37450479e+00
1.08528682e+07 1.38646132e+00
1.09000000e+07 1.41110404e+00
1.09400000e+07 1.42019642e+00
1.10000000e+07 1.40849995e+00
1.10040000e+07 1.40050446e+00
1.10059826e+07 1.40053248e+00
1.10059826e+07 1.40053248e+00
1.10530000e+07 1.40119687e+00
1.10960000e+07 1.38889748e+00
1.11000000e+07 1.39390202e+00
1.11660000e+07 1.40020095e+00
1.11700000e+07 1.40119539e+00
1.12089379e+07 1.39413768e+00
1.12500000e+07 1.38669495e+00
1.13000000e+07 1.38319603e+00
1.13670759e+07 1.37662391e+00
1.14000000e+07 1.37339799e+00
1.15000000e+07 1.35650004e+00
1.15274448e+07 1.35054737e+00
1.15530000e+07 1.34500457e+00
1.17080000e+07 1.33690283e+00
1.17159920e+07 1.34030893e+00
1.17500000e+07 1.35480269e+00
1.17510000e+07 1.34919840e+00
1.18000000e+07 1.35919809e+00
1.18280000e+07 1.37319800e+00
1.18812836e+07 1.40243077e+00
1.19000000e+07 1.41269908e+00
1.19090000e+07 1.40800041e+00
1.19170000e+07 1.42169615e+00
1.20000000e+07 1.42639997e+00
1.20489071e+07 1.44420023e+00
1.20500000e+07 1.44459800e+00
1.20530000e+07 1.44999566e+00
1.20880000e+07 1.44909529e+00
1.21000000e+07 1.45159602e+00
1.21960000e+07 1.38720178e+00
1.22230461e+07 1.37541898e+00
1.22240000e+07 1.37500342e+00
1.22500000e+07 1.36750003e+00
1.23000000e+07 1.34529799e+00
1.23954913e+07 1.32591902e+00
1.24000000e+07 1.32500403e+00
1.25000000e+07 1.33179997e+00
1.25530000e+07 1.34140008e+00
1.25990000e+07 1.34749800e+00
1.27000000e+07 1.36649797e+00
1.27301002e+07 1.36689366e+00
1.27380000e+07 1.36699751e+00
1.27920000e+07 1.38760371e+00
1.29000000e+07 1.40199945e+00
1.29096990e+07 1.40431660e+00
1.29900000e+07 1.42350095e+00
1.30000000e+07 1.42040000e+00
1.30530000e+07 1.41560363e+00
1.31000000e+07 1.41630401e+00
1.31200000e+07 1.41640478e+00
1.32371543e+07 1.40828526e+00
1.32500000e+07 1.40739497e+00
1.32800000e+07 1.39500122e+00
1.33000000e+07 1.39730199e+00
1.34239068e+07 1.39451284e+00
1.34239068e+07 1.39451284e+00
1.34876391e+07 1.39307822e+00
1.35000000e+07 1.39279997e+00
1.35400000e+07 1.40000360e+00
1.35530000e+07 1.39949652e+00
1.35870000e+07 1.40050110e+00
1.36460000e+07 1.38599667e+00
1.37000000e+07 1.38149800e+00
1.37442084e+07 1.37655211e+00
1.37670000e+07 1.37400227e+00
1.38220000e+07 1.34869501e+00
1.38300000e+07 1.34889611e+00
1.39381145e+07 1.33424379e+00
1.39381145e+07 1.33424378e+00
1.39650000e+07 1.33060010e+00
1.40000000e+07 1.30229998e+00
1.40530000e+07 1.31540128e+00
1.41820000e+07 1.32940235e+00
1.42500000e+07 1.33429999e+00
1.42512625e+07 1.33415497e+00
1.43640000e+07 1.32120463e+00
1.44190000e+07 1.31220145e+00
1.44523222e+07 1.31320823e+00
1.44523222e+07 1.31320823e+00
1.44720000e+07 1.31380276e+00
1.45000000e+07 1.32009762e+00
1.45530000e+07 1.33399759e+00
1.45660000e+07 1.33450009e+00
1.46530000e+07 1.36309568e+00
1.46940000e+07 1.37929875e+00
1.47500000e+07 1.38069998e+00
1.47583166e+07 1.37913647e+00
1.47670000e+07 1.37750401e+00
1.48070000e+07 1.38049914e+00
1.48120000e+07 1.38249860e+00
1.48370000e+07 1.38549557e+00
1.48630000e+07 1.38880047e+00
1.48870000e+07 1.39019752e+00
1.48880000e+07 1.39019745e+00
1.48920000e+07 1.39659897e+00
1.49060000e+07 1.39859930e+00
1.49090000e+07 1.39930290e+00
1.49270000e+07 1.39650475e+00
1.49540000e+07 1.39699749e+00
1.49620000e+07 1.39680054e+00
1.49665299e+07 1.39770624e+00
1.49665299e+07 1.39770625e+00
1.49960000e+07 1.40359849e+00
1.50000000e+07 1.39750001e+00
1.50060000e+07 1.39970252e+00
1.50450000e+07 1.41030389e+00
1.50530000e+07 1.41459724e+00
1.50930000e+07 1.42540407e+00
1.52480000e+07 1.43390420e+00
1.52630000e+07 1.43389544e+00
1.52653707e+07 1.43415816e+00
1.54480000e+07 1.45439734e+00
1.54770000e+07 1.45500135e+00
1.54807376e+07 1.45534295e+00
1.54807376e+07 1.45534295e+00
1.55000000e+07 1.45710340e+00
1.55530000e+07 1.46390287e+00
1.57310000e+07 1.47969796e+00
1.57724248e+07 1.48458186e+00
1.59529361e+07 1.50586375e+00
1.59660000e+07 1.50740396e+00
1.59700000e+07 1.51370116e+00
1.59900000e+07 1.50999715e+00
1.59949453e+07 1.51276778e+00
1.59949454e+07 1.51276779e+00
1.60000000e+07 1.51559965e+00
1.60530000e+07 1.50269934e+00
1.60680000e+07 1.50200424e+00
1.62560000e+07 1.46329597e+00
1.62794789e+07 1.45609826e+00
1.63470000e+07 1.43539900e+00
1.64430000e+07 1.43819982e+00
1.65000000e+07 1.43279649e+00
1.65091531e+07 1.43171177e+00
1.65091531e+07 1.43171177e+00
1.65320000e+07 1.42900421e+00
1.65530000e+07 1.42549794e+00
1.66950000e+07 1.40849745e+00
1.67865330e+07 1.40271621e+00
1.68200000e+07 1.40060243e+00
1.68240000e+07 1.39940169e+00
1.69740000e+07 1.39569971e+00
1.70000000e+07 1.39720332e+00
1.70233608e+07 1.39900858e+00
1.70530000e+07 1.40129902e+00
1.70740000e+07 1.40590314e+00
1.71380000e+07 1.39810290e+00
1.72935871e+07 1.39323997e+00
1.72980000e+07 1.39310204e+00
1.73000000e+07 1.39310202e+00
1.73010000e+07 1.40639935e+00
1.74310000e+07 1.40149816e+00
1.74670000e+07 1.40110041e+00
1.75000000e+07 1.40559539e+00
1.75375685e+07 1.40921302e+00
1.75530000e+07 1.41069898e+00
1.76160000e+07 1.41649769e+00
1.76870000e+07 1.41759627e+00
1.78006412e+07 1.42512205e+00
1.79000000e+07 1.43170199e+00
1.79010000e+07 1.43450202e+00
1.80000000e+07 1.44290002e+00
1.80517762e+07 1.45247572e+00
1.80530000e+07 1.45270205e+00
1.80870000e+07 1.44670317e+00
1.81580000e+07 1.46790343e+00
1.82730000e+07 1.46570167e+00
1.83076953e+07 1.46494118e+00
1.84600000e+07 1.46160278e+00
1.85000000e+07 1.46979858e+00
1.85160000e+07 1.47289878e+00
1.85530000e+07 1.47639809e+00
1.86320000e+07 1.48379656e+00
1.87000000e+07 1.48719556e+00
1.88147494e+07 1.48538799e+00
1.88330000e+07 1.48510050e+00
1.90000000e+07 1.48730397e+00
1.90300000e+07 1.48776099e+00
1.90340000e+07 1.48781623e+00
1.90530000e+07 1.48813138e+00
1.91850000e+07 1.49064498e+00
1.93218035e+07 1.49372925e+00
1.93460000e+07 1.49427476e+00
1.95000000e+07 1.49795165e+00
1.95110000e+07 1.49821674e+00
1.95530000e+07 1.49919910e+00
1.96000000e+07 1.50027798e+00
1.96610000e+07 1.50161665e+00
1.97940000e+07 1.50422900e+00
1.98288576e+07 1.50478071e+00
1.98920000e+07 1.50578010e+00
2.00000000e+07 1.50699997e+00
2.00000100e+07 1.50678870e+00
2.02821741e+07 1.49308360e+00
2.02954700e+07 1.49243780e+00
2.05683191e+07 1.46662671e+00
2.05818026e+07 1.46535120e+00
2.08585011e+07 1.43917597e+00
2.08721747e+07 1.43788246e+00
2.10000000e+07 1.42579040e+00
2.11527770e+07 1.42227677e+00
2.12962722e+07 1.41897661e+00
2.14512046e+07 1.41541342e+00
2.15967243e+07 1.41206670e+00
2.17538425e+07 1.40845323e+00
2.17538425e+07 1.40845323e+00
2.19014152e+07 1.40505929e+00
2.20000000e+07 1.40279200e+00
2.20607500e+07 1.40285285e+00
2.23103804e+07 1.40310288e+00
2.23719875e+07 1.40316458e+00
2.26251397e+07 1.40341814e+00
2.26876160e+07 1.40348072e+00
2.26876160e+07 1.40348072e+00
2.29443397e+07 1.40373785e+00
2.30000000e+07 1.40379360e+00
2.30076974e+07 1.40386289e+00
2.33244886e+07 1.40671452e+00
2.33322946e+07 1.40678478e+00
2.36535551e+07 1.40967664e+00
2.36614713e+07 1.40974790e+00
2.39872642e+07 1.41268056e+00
2.39952920e+07 1.41275282e+00
2.40000000e+07 1.41279520e+00
2.42789400e+07 1.40768270e+00
2.43338224e+07 1.40587387e+00
2.44868600e+07 1.40083000e+00
2.46771289e+07 1.39525579e+00
2.46771289e+07 1.39525579e+00
2.48323255e+07 1.39070907e+00
2.50000000e+07 1.38579680e+00
2.50252787e+07 1.38545955e+00
2.53527050e+07 1.38109122e+00
2.53783404e+07 1.38074921e+00
2.57103860e+07 1.37631926e+00
2.57363831e+07 1.37597242e+00
2.60000000e+07 1.37245540e+00
2.60994771e+07 1.37089806e+00
2.63668132e+07 1.36671283e+00
2.64676937e+07 1.36513351e+00
2.64676938e+07 1.36513351e+00
2.67388015e+07 1.36088924e+00
2.68411053e+07 1.35928764e+00
2.70000000e+07 1.35680010e+00
2.70586700e+07 1.35556310e+00
2.72197849e+07 1.35214159e+00
2.73038900e+07 1.35035550e+00
2.76038071e+07 1.34396354e+00
2.76890987e+07 1.34214576e+00
2.79932471e+07 1.33566362e+00
2.79932471e+07 1.33566362e+00
2.80000000e+07 1.33551970e+00
2.83881815e+07 1.32745262e+00
2.83950296e+07 1.32731030e+00
2.84729300e+07 1.32569140e+00
2.87886876e+07 1.31924193e+00
2.88746318e+07 1.31748649e+00
2.89233600e+07 1.31649120e+00
2.90000000e+07 1.31493130e+00
2.91948442e+07 1.31100979e+00
2.94091378e+07 1.30669683e+00
2.96067309e+07 1.30271999e+00
2.98240478e+07 1.29834618e+00
3.00000000e+07 1.29480490e+00
3.00244286e+07 1.29432856e+00
3.04232460e+07 1.28655186e+00
3.04480192e+07 1.28606879e+00
3.08524632e+07 1.27818238e+00
3.08775859e+07 1.27769250e+00
3.08775859e+07 1.27769250e+00
3.10000000e+07 1.27530550e+00
3.13132131e+07 1.26944766e+00
3.14373542e+07 1.26712593e+00
3.17549862e+07 1.26118545e+00
3.18808787e+07 1.25883095e+00
3.20000000e+07 1.25660310e+00
3.21383400e+07 1.25407240e+00
3.22029919e+07 1.25290666e+00
3.25917541e+07 1.24589689e+00
3.26573181e+07 1.24471470e+00
3.30000000e+07 1.23853580e+00
3.31180541e+07 1.23646260e+00
3.34655706e+07 1.23035973e+00
3.35852902e+07 1.22825728e+00
3.39377096e+07 1.22206831e+00
3.40000000e+07 1.22097440e+00
3.40591182e+07 1.21995630e+00
3.44796788e+07 1.21271369e+00
3.45183800e+07 1.21204720e+00
3.45396311e+07 1.21168387e+00
3.45396311e+07 1.21168387e+00
3.50000000e+07 1.20381300e+00
3.50269231e+07 1.20335309e+00
3.50919600e+07 1.20224210e+00
3.55210899e+07 1.19463412e+00
3.55870444e+07 1.19346483e+00
3.60000000e+07 1.18614360e+00
3.60222286e+07 1.18572978e+00
3.65078952e+07 1.17668842e+00
3.65304374e+07 1.17626877e+00
3.70000000e+07 1.16752720e+00
3.70458161e+07 1.16665516e+00
3.75220034e+07 1.15759170e+00
3.75684659e+07 1.15670736e+00
3.80000000e+07 1.14849380e+00
3.80984893e+07 1.14662080e+00
3.85361116e+07 1.13829840e+00
3.86359904e+07 1.13639898e+00
3.90000000e+07 1.12947650e+00
3.91810747e+07 1.12609848e+00
3.95502198e+07 1.11921193e+00
3.97338491e+07 1.11578625e+00
4.00000000e+07 1.11082110e+00
4.02944222e+07 1.10547634e+00
4.05643280e+07 1.10057663e+00
4.08629040e+07 1.09515646e+00
4.10000000e+07 1.09266770e+00
4.14394060e+07 1.08487861e+00
4.14394060e+07 1.08487861e+00
4.15784362e+07 1.08241411e+00
4.20000000e+07 1.07494130e+00
4.20240414e+07 1.07452472e+00
4.25925444e+07 1.06467405e+00
4.26169250e+07 1.06425159e+00
4.26169250e+07 1.06425159e+00
4.30000000e+07 1.05761390e+00
4.32181731e+07 1.05391515e+00
4.36066526e+07 1.04732914e+00
4.38279038e+07 1.04357820e+00
4.40000000e+07 1.04066060e+00
4.44462366e+07 1.03325379e+00
4.46207608e+07 1.03035696e+00
4.50000000e+07 1.02406220e+00
4.50732930e+07 1.02287035e+00
4.56348690e+07 1.01373834e+00
4.57091960e+07 1.01252968e+00
4.57091960e+07 1.01252968e+00
4.60000000e+07 1.00780080e+00
4.63540705e+07 1.00215646e+00
4.66489772e+07 9.97455260e-01
4.70000000e+07 9.91859500e-01
4.70080430e+07 9.91733762e-01
4.76630854e+07 9.81493287e-01
4.76712419e+07 9.81365775e-01
4.76712419e+07 9.81365775e-01
4.80000000e+07 9.76226200e-01
4.83437973e+07 9.70953244e-01
4.86771936e+07 9.65839811e-01
4.90000000e+07 9.60888800e-01
4.90258412e+07 9.60499851e-01
4.96913018e+07 9.50483671e-01
4.97175076e+07 9.50089234e-01
5.00000000e+07 9.45837300e-01
5.04189321e+07 9.39653652e-01
5.04189322e+07 9.39653652e-01
5.07054100e+07 9.35425096e-01
5.10000000e+07 9.31076800e-01
5.11302525e+07 9.29193752e-01
5.17195182e+07 9.20674797e-01
5.18516084e+07 9.18765183e-01
5.20000000e+07 9.16619900e-01
5.25831412e+07 9.08367402e-01
5.27336264e+07 9.06237766e-01
5.30000000e+07 9.02468100e-01
5.33249947e+07 8.97967963e-01
5.33249947e+07 8.97967963e-01
5.37477346e+07 8.92114368e-01
5.40000000e+07 8.88621300e-01
5.40773144e+07 8.87574278e-01
5.47618428e+07 8.78304120e-01
5.48402480e+07 8.77242326e-01
5.50000000e+07 8.75078900e-01
5.56139451e+07 8.66950450e-01
5.57759510e+07 8.64805541e-01
5.60000000e+07 8.61839200e-01
5.63985578e+07 8.56657561e-01
5.65866100e+07 8.54212700e-01
5.70000000e+07 8.48899900e-01
5.71942399e+07 8.46432722e-01
5.75937000e+07 8.41358900e-01
5.80000000e+07 8.36258200e-01
5.80011477e+07 8.36244029e-01
5.88182756e+07 8.26154460e-01
5.88194395e+07 8.26140088e-01
5.90000000e+07 8.23910600e-01
5.96492759e+07 8.16082151e-01
5.98323838e+07 8.13874382e-01
6.00000000e+07 8.11853400e-01
6.04908198e+07 8.06066929e-01
6.08464920e+07 8.01873768e-01
6.10000000e+07 8.00064000e-01
6.13442364e+07 7.96088964e-01
6.13442364e+07 7.96088964e-01
6.18606002e+07 7.90126305e-01
6.20000000e+07 7.88516600e-01
6.22096932e+07 7.86143943e-01
6.28747084e+07 7.78619362e-01
6.30000000e+07 7.77201700e-01
6.30873600e+07 7.76232834e-01
6.30873600e+07 7.76232834e-01
6.38888166e+07 7.67344280e-01
6.39774091e+07 7.66361745e-01
6.40000000e+07 7.66111200e-01
6.48800151e+07 7.56541916e-01
6.49029248e+07 7.56292796e-01
6.50000000e+07 7.55237200e-01
6.57953554e+07 7.46754814e-01
6.59170330e+07 7.45457135e-01
6.60000000e+07 7.44572300e-01
6.67236094e+07 7.37001320e-01
6.69311412e+07 7.34829956e-01
6.70000000e+07 7.34109500e-01
6.76649594e+07 7.27282162e-01
6.79452494e+07 7.24404341e-01
6.80000000e+07 7.23842200e-01
6.86195902e+07 7.17597970e-01
6.89593576e+07 7.14173794e-01
6.90000000e+07 7.13764200e-01
6.95876891e+07 7.07949251e-01
6.99734658e+07 7.04132145e-01
7.00000000e+07 7.03869600e-01
7.05694462e+07 6.98278607e-01
7.09875740e+07 6.94173302e-01
7.10000000e+07 6.94051300e-01
7.15650540e+07 6.88511793e-01
7.20000000e+07 6.84247800e-01
7.25747081e+07 6.78654971e-01
7.30000000e+07 6.74516200e-01
7.35986066e+07 6.68763890e-01
7.40000000e+07 6.64906700e-01
7.46369505e+07 6.58891595e-01
7.50000000e+07 6.55463100e-01
7.56899435e+07 6.49088091e-01
7.56899435e+07 6.49088091e-01
7.60000000e+07 6.46223200e-01
7.67577923e+07 6.39400341e-01
7.70000000e+07 6.37219600e-01
7.78407066e+07 6.29872497e-01
7.80000000e+07 6.28480400e-01
7.89388989e+07 6.20545484e-01
7.90000000e+07 6.20029100e-01
8.00000000e+07 6.11885800e-01
8.00525847e+07 6.11469445e-01
8.10000000e+07 6.03968000e-01
8.11819825e+07 6.02552267e-01
8.11819825e+07 6.02552267e-01
8.20000000e+07 5.96188500e-01
8.23273142e+07 5.93690569e-01
8.30000000e+07 5.88556900e-01
8.34888044e+07 5.84903087e-01
8.34888044e+07 5.84903087e-01
8.40000000e+07 5.81081900e-01
8.46666812e+07 5.76207927e-01
8.50000000e+07 5.73771100e-01
8.58611756e+07 5.67622478e-01
8.60000000e+07 5.66631300e-01
8.70000000e+07 5.59668700e-01
8.70725223e+07 5.59177043e-01
8.80000000e+07 5.52889300e-01
8.83009588e+07 5.50905771e-01
8.90000000e+07 5.46298600e-01
8.95467264e+07 5.42801410e-01
9.00000000e+07 5.39902000e-01
9.08100695e+07 5.34867256e-01
9.10000000e+07 5.33686800e-01
9.20000000e+07 5.27637200e-01
9.20912362e+07 5.27100403e-01
9.30000000e+07 5.21753600e-01
9.33904777e+07 5.19520848e-01
9.40000000e+07 5.16035600e-01
9.47080493e+07 5.12102528e-01
9.50000000e+07 5.10480800e-01
9.60000000e+07 5.05085000e-01
9.60442094e+07 5.04853179e-01
9.70000000e+07 4.99841300e-01
9.73992203e+07 4.97804917e-01
9.80000000e+07 4.94740400e-01
9.87733480e+07 4.90897015e-01
9.90000000e+07 4.89770600e-01
1.00000000e+08 4.84918100e-01
1.00166862e+08 4.84155131e-01
1.01410820e+08 4.78467196e-01
1.01580036e+08 4.77693463e-01
1.02000000e+08 4.75773200e-01
1.03013148e+08 4.71521019e-01
1.03439036e+08 4.69733564e-01
1.04000000e+08 4.67379200e-01
1.04466478e+08 4.65533791e-01
1.05467253e+08 4.61574675e-01
1.05940312e+08 4.59703230e-01
1.06000000e+08 4.59467100e-01
1.07434939e+08 4.53911591e-01
1.07495469e+08 4.53677241e-01
1.08000000e+08 4.51723900e-01
1.08950652e+08 4.47964259e-01
1.09523686e+08 4.45698028e-01
1.10000000e+08 4.43814300e-01
1.10487750e+08 4.41974580e-01
1.11551902e+08 4.37960758e-01
1.12000000e+08 4.36270600e-01
1.12046533e+08 4.36112645e-01
1.13580118e+08 4.30906967e-01
1.13627308e+08 4.30746784e-01
1.14000000e+08 4.29481700e-01
1.15230385e+08 4.25490085e-01
1.15608335e+08 4.24263941e-01
1.16000000e+08 4.22993300e-01
1.16856078e+08 4.20193410e-01
1.17636551e+08 4.17640795e-01
1.18000000e+08 4.16452100e-01
1.18504707e+08 4.14720550e-01
1.18504707e+08 4.14720550e-01
1.19664768e+08 4.10740615e-01
1.20000000e+08 4.09590500e-01
1.20176595e+08 4.08972884e-01
1.21692984e+08 4.03669543e-01
1.21872071e+08 4.03043213e-01
1.22000000e+08 4.02595800e-01
1.23591466e+08 3.97232956e-01
1.23591466e+08 3.97232956e-01
1.23721200e+08 3.96795785e-01
1.24000000e+08 3.95856300e-01
1.25335120e+08 3.91585386e-01
1.25749417e+08 3.90260091e-01
1.26000000e+08 3.89458500e-01
1.27103372e+08 3.86159748e-01
1.27777633e+08 3.84143910e-01
1.28000000e+08 3.83479100e-01
1.28896572e+08 3.81016933e-01
1.29805850e+08 3.78519876e-01
1.30000000e+08 3.77986700e-01
1.30715071e+08 3.76163091e-01
1.30715071e+08 3.76163090e-01
1.31834066e+08 3.73309373e-01
1.32000000e+08 3.72886200e-01
1.32559225e+08 3.71526835e-01
1.33862282e+08 3.68359364e-01
1.34000000e+08 3.68024600e-01
1.34429397e+08 3.67027346e-01
1.35890499e+08 3.63634011e-01
1.36000000e+08 3.63379700e-01
1.36325954e+08 3.62654745e-01
1.37918715e+08 3.59112285e-01
1.38000000e+08 3.58931500e-01
1.38249268e+08 3.58399475e-01
1.39946932e+08 3.54776067e-01
1.40000000e+08 3.54662800e-01
1.40199716e+08 3.54251045e-01
1.41975148e+08 3.50590637e-01
1.42000000e+08 3.50539400e-01
1.42177682e+08 3.50184347e-01
1.42177682e+08 3.50184347e-01
1.44000000e+08 3.46542900e-01
1.44183553e+08 3.46188340e-01
1.46000000e+08 3.42679600e-01
1.46217724e+08 3.42274025e-01
1.48000000e+08 3.38954000e-01
1.48280592e+08 3.38451038e-01
1.50000000e+08 3.35369000e-01
