977
1.00000000e-05 1.58340898e+02
1.10303700e-05 1.50770099e+02
1.21669100e-05 1.43561867e+02
1.34205500e-05 1.36698870e+02
1.48033600e-05 1.30164603e+02
1.63286500e-05 1.23943353e+02
1.80111100e-05 1.18020158e+02
1.98669100e-05 1.12380776e+02
2.19139400e-05 1.07011644e+02
2.41718900e-05 1.01899850e+02
2.66624800e-05 9.70331031e+01
2.94097100e-05 9.23996982e+01
3.24399900e-05 8.79884934e+01
3.57825100e-05 8.37888805e+01
3.94694300e-05 7.97907603e+01
4.35362400e-05 7.59845182e+01
4.80220800e-05 7.23610006e+01
5.29701300e-05 6.89114938e+01
5.84280100e-05 6.56277021e+01
6.44482500e-05 6.25017286e+01
7.10888100e-05 5.95260557e+01
7.84135800e-05 5.66935271e+01
8.64930800e-05 5.39973309e+01
9.54050600e-05 5.14309828e+01
1.05235300e-04 4.89883109e+01
1.16078400e-04 4.66634404e+01
1.28038800e-04 4.44507798e+01
1.41231500e-04 4.23450074e+01
1.55783600e-04 4.03410581e+01
1.71835100e-04 3.84341119e+01
1.89540400e-04 3.66195817e+01
2.09070100e-04 3.48931024e+01
2.30612000e-04 3.32505206e+01
2.54373600e-04 3.16878841e+01
2.80583500e-04 3.02014329e+01
3.09493900e-04 2.87875896e+01
3.41383200e-04 2.74429513e+01
3.76558300e-04 2.61642807e+01
4.15357700e-04 2.49484989e+01
4.58154900e-04 2.37926774e+01
5.05361800e-04 2.26940311e+01
5.57432800e-04 2.16499117e+01
6.14868900e-04 2.06578011e+01
6.83007400e-04 1.96495925e+01
7.58659600e-04 1.86960040e+01
8.42732700e-04 1.77934967e+01
9.36076600e-04 1.69404069e+01
1.03981060e-03 1.61335622e+01
1.15498360e-03 1.53714678e+01
1.28297640e-03 1.46512811e+01
1.42508320e-03 1.39716579e+01
1.58300790e-03 1.33300517e+01
1.75834720e-03 1.27252516e+01
1.95320350e-03 1.21549761e+01
2.16954690e-03 1.16181315e+01
2.40997150e-03 1.11126724e+01
2.67690810e-03 1.06376062e+01
2.97355740e-03 1.01910965e+01
3.30291870e-03 9.77223685e+00
3.69464090e-03 9.35417877e+00
4.13282100e-03 8.96445705e+00
4.62296860e-03 8.60168104e+00
5.17124730e-03 8.26452137e+00
5.78455110e-03 7.95170385e+00
6.51623620e-03 7.64457559e+00
7.34011160e-03 7.36224697e+00
8.26855880e-03 7.10311375e+00
9.37968970e-03 6.85272040e+00
1.06401345e-02 6.62542438e+00
1.21545046e-02 6.40893536e+00
1.38850905e-02 6.21470110e+00
1.59731900e-02 6.03254703e+00
1.85040202e-02 5.86380952e+00
2.15870517e-02 5.70938974e+00
2.52418800e-02 5.57362917e+00
2.53000000e-02 5.57177830e+00
2.99317462e-02 5.44692944e+00
3.59110316e-02 5.33273528e+00
4.36926115e-02 5.23056852e+00
5.42906724e-02 5.13834821e+00
6.93728790e-02 5.05561776e+00
9.11683540e-02 4.98438356e+00
1.24948223e-01 4.92297320e+00
1.82392103e-01 4.87020414e+00
3.06284433e-01 4.82587890e+00
6.00027363e-01 4.78744551e+00
4.97621929e+00 4.75378632e+00
1.34252819e+05 4.33230195e+00
2.44941782e+05 4.02670707e+00
3.49949755e+05 3.76622707e+00
4.59873918e+05 3.52100493e+00
5.83335695e+05 3.27337317e+00
6.92348325e+05 3.07612033e+00
8.27358900e+05 2.85774555e+00
9.58636142e+05 2.66802474e+00
1.09541801e+06 2.49100234e+00
1.21340018e+06 2.35323720e+00
1.33298146e+06 2.22621556e+00
1.44406325e+06 2.11863968e+00
1.55514504e+06 2.02040814e+00
1.66622682e+06 1.93081564e+00
1.76494572e+06 1.85855429e+00
1.87516281e+06 1.78464239e+00
2.01000000e+06 1.70497651e+00
2.03000000e+06 1.70187986e+00
2.04000000e+06 1.70855968e+00
2.05000000e+06 1.73542072e+00
2.05500000e+06 1.77083740e+00
2.06000000e+06 1.84810625e+00
2.06400000e+06 1.98586192e+00
2.06600000e+06 2.11417111e+00
2.06800000e+06 2.32552819e+00
2.06950000e+06 2.58391045e+00
2.07000000e+06 2.68338906e+00
2.07075000e+06 2.87979987e+00
2.07100000e+06 2.95598217e+00
2.07175000e+06 3.22560747e+00
2.07200000e+06 3.32810913e+00
2.07275000e+06 3.68713742e+00
2.07300000e+06 3.82135316e+00
2.07387500e+06 4.36056715e+00
2.07500000e+06 5.13403203e+00
2.07600000e+06 5.75733658e+00
2.07630000e+06 5.89938635e+00
2.07660000e+06 5.99823637e+00
2.07690000e+06 6.05551300e+00
2.07712500e+06 6.06863095e+00
2.07741250e+06 6.04742471e+00
2.07770000e+06 5.98671069e+00
2.07800000e+06 5.87896082e+00
2.07900000e+06 5.35727894e+00
2.08000000e+06 4.74342097e+00
2.08187500e+06 3.73355832e+00
2.08212500e+06 3.62527750e+00
2.08265625e+06 3.44278757e+00
2.08387500e+06 3.04334853e+00
2.08400000e+06 3.00944823e+00
2.08500000e+06 2.79964074e+00
2.08600000e+06 2.61254612e+00
2.08800000e+06 2.36616056e+00
2.09000000e+06 2.20742549e+00
2.09500000e+06 1.99025240e+00
2.10000000e+06 1.88507352e+00
2.11000000e+06 1.78871846e+00
2.12000000e+06 1.74455259e+00
2.13000000e+06 1.71926663e+00
2.14500000e+06 1.69629115e+00
2.16000000e+06 1.68048484e+00
2.19000000e+06 1.66001159e+00
2.24000000e+06 1.63725305e+00
2.31000000e+06 1.61774177e+00
2.40000000e+06 1.60732825e+00
2.47000000e+06 1.61205879e+00
2.53000000e+06 1.62710079e+00
2.58000000e+06 1.64947538e+00
2.62000000e+06 1.67599032e+00
2.66000000e+06 1.71224333e+00
2.69000000e+06 1.74814807e+00
2.72000000e+06 1.79226958e+00
2.74000000e+06 1.82856109e+00
2.76000000e+06 1.87164596e+00
2.78000000e+06 1.92391987e+00
2.80100000e+06 1.99974763e+00
2.80500000e+06 2.02498505e+00
2.80800000e+06 2.05632080e+00
2.81000000e+06 2.09788495e+00
2.81200000e+06 2.19123768e+00
2.81265625e+06 2.25237719e+00
2.81293750e+06 2.28793478e+00
2.81312500e+06 2.32028349e+00
2.81371875e+06 2.45232960e+00
2.81393750e+06 2.51370697e+00
2.81409375e+06 2.56908919e+00
2.81428125e+06 2.65152924e+00
2.81443750e+06 2.73553312e+00
2.81456250e+06 2.81521663e+00
2.81471875e+06 2.93230150e+00
2.81487500e+06 3.07104552e+00
2.81498438e+06 3.18416456e+00
2.81507812e+06 3.29334416e+00
2.81521875e+06 3.47794336e+00
2.81537500e+06 3.70997505e+00
2.81550000e+06 3.91523370e+00
2.81577539e+06 4.40158072e+00
2.81591797e+06 4.63859561e+00
2.81601953e+06 4.78360009e+00
2.81611328e+06 4.89352771e+00
2.81620312e+06 4.97424761e+00
2.81628125e+06 5.02237799e+00
2.81635938e+06 5.04722206e+00
2.81640625e+06 5.04979153e+00
2.81648438e+06 5.03197504e+00
2.81656250e+06 4.98595843e+00
2.81665625e+06 4.89605583e+00
2.81675000e+06 4.77545113e+00
2.81689062e+06 4.55794288e+00
2.81731250e+06 3.84029430e+00
2.81746875e+06 3.59518596e+00
2.81757031e+06 3.45220488e+00
2.81770312e+06 3.28676317e+00
2.81778125e+06 3.20030743e+00
2.81792188e+06 3.06388648e+00
2.81801562e+06 2.98655779e+00
2.81815625e+06 2.88963456e+00
2.81835938e+06 2.77704461e+00
2.81870312e+06 2.61374619e+00
2.81893750e+06 2.51750308e+00
2.81906250e+06 2.47652679e+00
2.81921875e+06 2.43697693e+00
2.81971875e+06 2.34390004e+00
2.82003125e+06 2.29897345e+00
2.82012500e+06 2.28931768e+00
2.82178125e+06 2.18546488e+00
2.82200000e+06 2.17520701e+00
2.82400000e+06 2.13483736e+00
2.82600000e+06 2.12209846e+00
2.82800000e+06 2.12010263e+00
2.83650000e+06 2.14613402e+00
2.84500000e+06 2.18729182e+00
2.85750000e+06 2.26394095e+00
2.87000000e+06 2.35674111e+00
2.88000000e+06 2.44561901e+00
2.89000000e+06 2.55016279e+00
2.90000000e+06 2.67322856e+00
2.91000000e+06 2.81675650e+00
2.93000000e+06 3.14211057e+00
2.93500000e+06 3.21165729e+00
2.94100000e+06 3.26556577e+00
2.94300000e+06 3.27190363e+00
2.94650000e+06 3.26171057e+00
2.95000000e+06 3.22386249e+00
2.95500000e+06 3.10447000e+00
2.96000000e+06 2.90599341e+00
2.96500000e+06 2.63984864e+00
2.97500000e+06 2.03597164e+00
2.98000000e+06 1.77046568e+00
2.98500000e+06 1.55793558e+00
2.99000000e+06 1.40121093e+00
2.99500000e+06 1.29397318e+00
3.00000000e+06 1.22637665e+00
3.00500000e+06 1.18858185e+00
3.01000000e+06 1.17229469e+00
3.01500000e+06 1.17110397e+00
3.02000000e+06 1.18028830e+00
3.02500000e+06 1.19649501e+00
3.03250000e+06 1.22917290e+00
3.07500000e+06 1.45363045e+00
3.10000000e+06 1.57706387e+00
3.13000000e+06 1.71151500e+00
3.16500000e+06 1.85519117e+00
3.21000000e+06 2.02635848e+00
3.26000000e+06 2.20180092e+00
3.30500000e+06 2.34462733e+00
3.34500000e+06 2.45609998e+00
3.38000000e+06 2.53875804e+00
3.41500000e+06 2.60469202e+00
3.45000000e+06 2.65292284e+00
3.48500000e+06 2.68195412e+00
3.52000000e+06 2.69265855e+00
3.55750000e+06 2.68370363e+00
3.59500000e+06 2.65796271e+00
3.64000000e+06 2.60662718e+00
3.69500000e+06 2.52143164e+00
3.76500000e+06 2.39101275e+00
3.94000000e+06 2.03853488e+00
4.00000000e+06 1.92862221e+00
4.04000000e+06 1.86604139e+00
4.07000000e+06 1.83018003e+00
4.09000000e+06 1.81519664e+00
4.11000000e+06 1.81113592e+00
4.12500000e+06 1.81858185e+00
4.14000000e+06 1.83600878e+00
4.15000000e+06 1.85540686e+00
4.16000000e+06 1.88148492e+00
4.17000000e+06 1.91456242e+00
4.18500000e+06 1.97723610e+00
4.22000000e+06 2.15003600e+00
4.23000000e+06 2.19336584e+00
4.24000000e+06 2.22777561e+00
4.25000000e+06 2.25110062e+00
4.26031250e+06 2.26258312e+00
4.27015625e+06 2.26236780e+00
4.28000000e+06 2.25235292e+00
4.29500000e+06 2.22200761e+00
4.31500000e+06 2.16585964e+00
4.37500000e+06 1.97501333e+00
4.41000000e+06 1.87819525e+00
4.44500000e+06 1.79586650e+00
4.48500000e+06 1.71592408e+00
4.53000000e+06 1.63970485e+00
4.58000000e+06 1.56747698e+00
4.64000000e+06 1.49282392e+00
4.71500000e+06 1.41162779e+00
4.80000000e+06 1.32590324e+00
4.82000000e+06 1.29820783e+00
4.86500000e+06 1.25967838e+00
4.91100000e+06 1.22784353e+00
4.92000000e+06 1.22538566e+00
4.92500000e+06 1.22966786e+00
4.92800000e+06 1.23943748e+00
4.93000000e+06 1.25730657e+00
4.93100000e+06 1.27551815e+00
4.93200000e+06 1.30833605e+00
4.93256250e+06 1.33869493e+00
4.93287500e+06 1.36207462e+00
4.93312500e+06 1.38749279e+00
4.93342969e+06 1.42692923e+00
4.93363672e+06 1.45937908e+00
4.93380859e+06 1.49292497e+00
4.93393750e+06 1.52439513e+00
4.93406250e+06 1.56141033e+00
4.93424219e+06 1.62589654e+00
4.93440625e+06 1.69428785e+00
4.93455859e+06 1.76508744e+00
4.93467969e+06 1.82818494e+00
4.93479688e+06 1.89824830e+00
4.93490234e+06 1.97209237e+00
4.93500000e+06 2.05216562e+00
4.93508203e+06 2.12962511e+00
4.93517188e+06 2.22627704e+00
4.93526562e+06 2.34107322e+00
4.93535547e+06 2.46469293e+00
4.93544141e+06 2.59497513e+00
4.93557812e+06 2.82291451e+00
4.93587500e+06 3.34890762e+00
4.93596875e+06 3.50078132e+00
4.93606250e+06 3.63420207e+00
4.93615625e+06 3.74254540e+00
4.93622656e+06 3.80358533e+00
4.93629688e+06 3.84464774e+00
4.93637500e+06 3.86450073e+00
4.93639038e+06 3.86505391e+00
4.93646338e+06 3.85226522e+00
4.93653125e+06 3.81764538e+00
4.93659375e+06 3.76722943e+00
4.93665625e+06 3.70058313e+00
4.93675000e+06 3.57494096e+00
4.93684375e+06 3.42631499e+00
4.93698438e+06 3.17984762e+00
4.93718750e+06 2.81843918e+00
4.93730469e+06 2.62396449e+00
4.93740625e+06 2.46923469e+00
4.93749609e+06 2.34470976e+00
4.93758203e+06 2.23696177e+00
4.93767188e+06 2.13603255e+00
4.93776953e+06 2.03910140e+00
4.93787500e+06 1.94792713e+00
4.93798047e+06 1.86912049e+00
4.93808203e+06 1.80342644e+00
4.93819922e+06 1.73826618e+00
4.93834375e+06 1.67080757e+00
4.93850000e+06 1.61062730e+00
4.93866406e+06 1.55873682e+00
4.93884375e+06 1.51231903e+00
4.93903906e+06 1.47139611e+00
4.93925781e+06 1.43459361e+00
4.93951562e+06 1.40039948e+00
4.93982812e+06 1.36868760e+00
4.94000000e+06 1.35470241e+00
4.94050000e+06 1.32319841e+00
4.94100000e+06 1.29950223e+00
4.94200000e+06 1.26888705e+00
4.94300000e+06 1.25034705e+00
4.94400000e+06 1.23863231e+00
4.94600000e+06 1.22461564e+00
4.94900000e+06 1.21354186e+00
4.95500000e+06 1.20243699e+00
4.97300000e+06 1.18615171e+00
5.05500000e+06 1.13468297e+00
5.29500000e+06 9.95263871e-01
5.31000000e+06 9.90637865e-01
5.31750000e+06 9.94146968e-01
5.32500000e+06 1.00249411e+00
5.33000000e+06 1.01738129e+00
5.33500000e+06 1.04538372e+00
5.34000000e+06 1.09683708e+00
5.34200000e+06 1.12809760e+00
5.34400000e+06 1.16890828e+00
5.34600000e+06 1.22138981e+00
5.34800000e+06 1.28840672e+00
5.35000000e+06 1.37277900e+00
5.35200000e+06 1.47623757e+00
5.35400000e+06 1.59741319e+00
5.35800000e+06 1.85873376e+00
5.36000000e+06 1.96447938e+00
5.36200000e+06 2.02781135e+00
5.36400000e+06 2.04008832e+00
5.36600000e+06 2.00629435e+00
5.36800000e+06 1.94055544e+00
5.37200000e+06 1.77406740e+00
5.37500000e+06 1.65570846e+00
5.38000000e+06 1.49826927e+00
5.38500000e+06 1.38724316e+00
5.39000000e+06 1.30935706e+00
5.39500000e+06 1.25329625e+00
5.40000000e+06 1.21163068e+00
5.40500000e+06 1.17968691e+00
5.41000000e+06 1.15450087e+00
5.41500000e+06 1.13417875e+00
5.42250000e+06 1.11029276e+00
5.43250000e+06 1.08589945e+00
5.44500000e+06 1.06323675e+00
5.46500000e+06 1.03765062e+00
5.49000000e+06 1.01455067e+00
5.53000000e+06 9.88289789e-01
5.58000000e+06 9.63369103e-01
5.65000000e+06 9.36332355e-01
5.73000000e+06 9.11923343e-01
5.81000000e+06 8.93318398e-01
5.89000000e+06 8.80959900e-01
5.96000000e+06 8.76449632e-01
6.01000000e+06 8.78709197e-01
6.06000000e+06 8.86025751e-01
6.09000000e+06 8.95608563e-01
6.11500000e+06 9.07405423e-01
6.13500000e+06 9.21321477e-01
6.15000000e+06 9.35290698e-01
6.16500000e+06 9.54458610e-01
6.18000000e+06 9.79834308e-01
6.19000000e+06 1.00257045e+00
6.20000000e+06 1.03172771e+00
6.21000000e+06 1.06986353e+00
6.22000000e+06 1.12090556e+00
6.23000000e+06 1.19095938e+00
6.24000000e+06 1.28926089e+00
6.24500000e+06 1.35328427e+00
6.25000000e+06 1.43043033e+00
6.25400000e+06 1.50324024e+00
6.25800000e+06 1.58743632e+00
6.26200000e+06 1.68385674e+00
6.26600000e+06 1.79268105e+00
6.27800000e+06 2.16124305e+00
6.28100000e+06 2.24459642e+00
6.28300000e+06 2.29216141e+00
6.28600000e+06 2.34721338e+00
6.28800000e+06 2.36917878e+00
6.29000000e+06 2.37781517e+00
6.29200000e+06 2.37240749e+00
6.29400000e+06 2.35280310e+00
6.29600000e+06 2.31967250e+00
6.29850000e+06 2.26158491e+00
6.30100000e+06 2.18895242e+00
6.30450000e+06 2.07088541e+00
6.31200000e+06 1.80241002e+00
6.31500000e+06 1.70280658e+00
6.31800000e+06 1.61120196e+00
6.32100000e+06 1.52962771e+00
6.32400000e+06 1.45708531e+00
6.32700000e+06 1.39443927e+00
6.33000000e+06 1.33995670e+00
6.33300000e+06 1.29386878e+00
6.33600000e+06 1.25430425e+00
6.34000000e+06 1.21040195e+00
6.35900000e+06 1.03457431e+00
6.36500000e+06 9.87994369e-01
6.37000000e+06 9.57504343e-01
6.37500000e+06 9.33283899e-01
6.38000000e+06 9.13894785e-01
6.38750000e+06 8.91470807e-01
6.39750000e+06 8.69131999e-01
6.41000000e+06 8.49191263e-01
6.42500000e+06 8.32636967e-01
6.44000000e+06 8.21760500e-01
6.49000000e+06 8.30002943e-01
6.51031250e+06 8.02960203e-01
6.54000000e+06 7.05136167e-01
6.55650000e+06 6.11267414e-01
6.57000000e+06 5.31269891e-01
6.58000000e+06 5.02198760e-01
6.59000000e+06 5.05165549e-01
6.60000000e+06 5.14605365e-01
6.62000000e+06 5.76307348e-01
6.64000000e+06 5.93853898e-01
6.65771875e+06 7.32422531e-01
6.65800000e+06 7.33051640e-01
6.66512500e+06 6.83274146e-01
6.67000000e+06 6.70553031e-01
6.68000000e+06 6.61511942e-01
6.70000000e+06 6.55587823e-01
6.75000000e+06 6.50004082e-01
6.81000000e+06 6.45687109e-01
6.92000000e+06 6.06032837e-01
7.00000000e+06 5.73723606e-01
7.05300000e+06 5.72605862e-01
7.10000000e+06 5.69251452e-01
7.14000000e+06 5.82854395e-01
7.18000000e+06 6.02929516e-01
7.20000000e+06 6.39756827e-01
7.22500000e+06 6.76650968e-01
7.25000000e+06 7.47025087e-01
7.27000000e+06 8.23301143e-01
7.28000000e+06 8.84522208e-01
7.34000000e+06 1.33266808e+00
7.35000000e+06 1.42699437e+00
7.36000000e+06 1.42350351e+00
7.37000000e+06 1.46234435e+00
7.40125000e+06 1.41297445e+00
7.42000000e+06 1.39803194e+00
7.47000000e+06 1.37155477e+00
7.52900000e+06 1.37781337e+00
7.55300000e+06 1.35523443e+00
7.62000000e+06 1.32651814e+00
7.64937500e+06 1.33756680e+00
7.66700000e+06 1.39050952e+00
7.68000000e+06 1.41605959e+00
7.69800000e+06 1.52417630e+00
7.70000000e+06 1.53218633e+00
7.72500000e+06 1.79846407e+00
7.74500000e+06 1.98263608e+00
7.76700000e+06 1.84284474e+00
7.78900000e+06 1.68403029e+00
7.81056250e+06 1.58137868e+00
7.81900000e+06 1.58174009e+00
7.86000000e+06 1.52182658e+00
7.88640000e+06 1.49005520e+00
7.88800000e+06 1.47721416e+00
7.89700000e+06 1.47137350e+00
7.93000000e+06 1.43125342e+00
7.93600000e+06 1.41061068e+00
8.00000000e+06 1.35127281e+00
8.00468750e+06 1.35221532e+00
8.00500000e+06 1.35165495e+00
8.01000000e+06 1.30996384e+00
8.01400000e+06 1.33173179e+00
8.04400000e+06 1.29867878e+00
8.05300000e+06 1.32947912e+00
8.07900000e+06 1.32097342e+00
8.08000000e+06 1.31669156e+00
8.09968750e+06 1.31979104e+00
8.10100000e+06 1.32767926e+00
8.10500000e+06 1.31783418e+00
8.10900000e+06 1.30080039e+00
8.12000000e+06 1.28154361e+00
8.13100000e+06 1.24830078e+00
8.13800000e+06 1.23263040e+00
8.16000000e+06 1.15526678e+00
8.16600000e+06 1.11670539e+00
8.20000000e+06 9.73579611e-01
8.21000000e+06 9.49470361e-01
8.24000000e+06 9.20928599e-01
8.29600000e+06 8.58807008e-01
8.32000000e+06 8.50678577e-01
8.33000000e+06 8.37648380e-01
8.40000000e+06 7.97717643e-01
8.42600000e+06 7.99936155e-01
8.44800000e+06 7.83970373e-01
8.45000000e+06 7.73537038e-01
8.48000000e+06 7.75885824e-01
8.49950000e+06 7.54323491e-01
8.50000000e+06 7.52315271e-01
8.52000000e+06 7.56902157e-01
8.55300000e+06 7.39673008e-01
8.61100000e+06 7.56246540e-01
8.70042188e+06 7.44522822e-01
8.70800000e+06 7.37356801e-01
8.75000000e+06 7.18289295e-01
8.76800000e+06 7.16033015e-01
8.80000000e+06 7.06767495e-01
8.83300000e+06 6.88949720e-01
8.85000000e+06 6.77341699e-01
8.88500000e+06 6.68129430e-01
8.92000000e+06 6.38485550e-01
8.94000000e+06 6.37662332e-01
9.00000000e+06 6.31536342e-01
9.00500000e+06 6.43533750e-01
9.02000000e+06 6.42774060e-01
9.03250000e+06 6.50934950e-01
9.04500000e+06 6.54203385e-01
9.05300000e+06 6.68629670e-01
9.06700000e+06 6.68813752e-01
9.08000000e+06 6.85417984e-01
9.14900000e+06 7.23458842e-01
9.16300000e+06 7.36460541e-01
9.20650000e+06 7.32636694e-01
9.25000000e+06 7.25359091e-01
9.25400000e+06 7.32609845e-01
9.30000000e+06 7.16975121e-01
9.36000000e+06 6.99544645e-01
9.40000000e+06 6.81471248e-01
9.45000000e+06 6.71550014e-01
9.50000000e+06 6.69331720e-01
9.52200000e+06 6.69672852e-01
9.55300000e+06 6.64709565e-01
9.56475000e+06 6.69402543e-01
9.60000000e+06 6.71560793e-01
9.63000000e+06 6.80304300e-01
9.64000000e+06 6.87236784e-01
9.69200000e+06 6.83122628e-01
9.70000000e+06 6.85173485e-01
9.72600000e+06 6.70628293e-01
9.74000000e+06 6.75921555e-01
9.75000000e+06 6.69895063e-01
9.80000000e+06 6.84419561e-01
9.82100000e+06 6.83868150e-01
9.83000000e+06 6.86151382e-01
9.90000000e+06 6.71910186e-01
9.91700000e+06 6.73659566e-01
9.92218750e+06 6.67621986e-01
1.00000000e+07 6.56726864e-01
1.00500000e+07 6.42831809e-01
1.00530000e+07 6.37566791e-01
1.01700000e+07 6.42064400e-01
1.02500000e+07 6.34386000e-01
1.03000000e+07 6.28637000e-01
1.03720000e+07 6.35078500e-01
1.04000000e+07 6.43319100e-01
1.04480000e+07 6.65020000e-01
1.04780000e+07 6.78130700e-01
1.05000000e+07 6.90911100e-01
1.05060000e+07 6.90901200e-01
1.05360000e+07 7.01741800e-01
1.05500000e+07 6.98282100e-01
1.05530000e+07 7.08482200e-01
1.06200000e+07 7.25483400e-01
1.06900000e+07 7.50884600e-01
1.07000000e+07 7.52604800e-01
1.07500000e+07 7.86175700e-01
1.08000000e+07 8.12846600e-01
1.08300000e+07 8.32597100e-01
1.09000000e+07 8.73398400e-01
1.09400000e+07 8.87449100e-01
1.10000000e+07 8.62140100e-01
1.10040000e+07 8.56230200e-01
1.10530000e+07 8.66921100e-01
1.10960000e+07 8.63591500e-01
1.11000000e+07 8.68581600e-01
1.11660000e+07 8.85292300e-01
1.11700000e+07 8.86872300e-01
1.12500000e+07 8.75583100e-01
1.13000000e+07 8.73053700e-01
1.14000000e+07 8.72794700e-01
1.15000000e+07 8.64435800e-01
1.15530000e+07 8.51456300e-01
1.17080000e+07 8.38457100e-01
1.17500000e+07 8.53477400e-01
1.17510000e+07 8.48597400e-01
1.18000000e+07 8.57787600e-01
1.18280000e+07 8.70067800e-01
1.19000000e+07 9.04818200e-01
1.19090000e+07 9.00838200e-01
1.19170000e+07 9.12628300e-01
1.20000000e+07 8.99448700e-01
1.20500000e+07 9.09919000e-01
1.20530000e+07 9.13379000e-01
1.20880000e+07 9.10338700e-01
1.21000000e+07 9.10988600e-01
1.21960000e+07 8.71887700e-01
1.22240000e+07 8.65037400e-01
1.22500000e+07 8.61207200e-01
1.23000000e+07 8.48476700e-01
1.24000000e+07 8.39225800e-01
1.25000000e+07 8.56064800e-01
1.25530000e+07 8.64174300e-01
1.25990000e+07 8.69753500e-01
1.27000000e+07 8.87251500e-01
1.27380000e+07 8.89500800e-01
1.27920000e+07 9.06719800e-01
1.29000000e+07 9.19467700e-01
1.29900000e+07 9.43646000e-01
1.30000000e+07 9.41975800e-01
1.30530000e+07 9.36834800e-01
1.31000000e+07 9.36023000e-01
1.31200000e+07 9.35612200e-01
1.32500000e+07 9.24877200e-01
1.32800000e+07 9.14516100e-01
1.33000000e+07 9.15605300e-01
1.34876391e+07 9.05925282e-01
1.35000000e+07 9.05287600e-01
1.35400000e+07 9.10096100e-01
1.35530000e+07 9.09435600e-01
1.35870000e+07 9.09454000e-01
1.36460000e+07 8.95591200e-01
1.37000000e+07 8.89108600e-01
1.37670000e+07 8.80875400e-01
1.38220000e+07 8.60032800e-01
1.38300000e+07 8.59792400e-01
1.39650000e+07 8.41346000e-01
1.40000000e+07 8.19214300e-01
1.40530000e+07 8.24941800e-01
1.41820000e+07 8.31456400e-01
1.42500000e+07 8.37263500e-01
1.43640000e+07 8.30298700e-01
1.44190000e+07 8.24366400e-01
1.44720000e+07 8.37894200e-01
1.45000000e+07 8.43443100e-01
1.45530000e+07 8.53804700e-01
1.45660000e+07 8.54598100e-01
1.46530000e+07 8.80109700e-01
1.46940000e+07 8.94545600e-01
1.47500000e+07 8.98930700e-01
1.47670000e+07 8.97345900e-01
1.48070000e+07 9.02143800e-01
1.48120000e+07 9.03993600e-01
1.48370000e+07 9.07542300e-01
1.48630000e+07 9.11329000e-01
1.48870000e+07 9.13351700e-01
1.48880000e+07 9.13377700e-01
1.48920000e+07 9.19099500e-01
1.49060000e+07 9.21320800e-01
1.49090000e+07 9.21914600e-01
1.49270000e+07 9.19857700e-01
1.49540000e+07 9.19362300e-01
1.49620000e+07 9.18805900e-01
1.49960000e+07 9.23026200e-01
1.50000000e+07 9.17548000e-01
1.50060000e+07 9.19439900e-01
1.50450000e+07 9.28572300e-01
1.50530000e+07 9.32151500e-01
1.50930000e+07 9.41588100e-01
1.52480000e+07 9.58816100e-01
1.52630000e+07 9.58981000e-01
1.54480000e+07 9.85392900e-01
1.54770000e+07 9.86683200e-01
1.55000000e+07 9.88860900e-01
1.55530000e+07 9.93887000e-01
1.57310000e+07 1.00629300e+00
1.59529361e+07 1.02441148e+00
1.59660000e+07 1.02547800e+00
1.59700000e+07 1.03130700e+00
1.59900000e+07 1.02846200e+00
1.60000000e+07 1.03379400e+00
1.60530000e+07 1.01889400e+00
1.60680000e+07 1.01661800e+00
1.62560000e+07 9.83682500e-01
1.63470000e+07 9.55068100e-01
1.64430000e+07 9.52655100e-01
1.65000000e+07 9.48924400e-01
1.65320000e+07 9.46920500e-01
1.65530000e+07 9.42994600e-01
1.66950000e+07 9.19506600e-01
1.68200000e+07 9.08525400e-01
1.68240000e+07 9.07306700e-01
1.69740000e+07 8.96581300e-01
1.70000000e+07 8.96659100e-01
1.70530000e+07 8.96787300e-01
1.70740000e+07 8.99245000e-01
1.71380000e+07 8.87250900e-01
1.72980000e+07 8.70947500e-01
1.73000000e+07 8.70804300e-01
1.73010000e+07 8.85246100e-01
1.74310000e+07 8.75865900e-01
1.74670000e+07 8.73325200e-01
1.75000000e+07 8.75986300e-01
1.75530000e+07 8.80393500e-01
1.76160000e+07 8.87312500e-01
1.76870000e+07 8.89651400e-01
1.79000000e+07 9.05948100e-01
1.79010000e+07 9.08697000e-01
1.80000000e+07 9.17529600e-01
1.80530000e+07 9.29511500e-01
1.80870000e+07 9.23401200e-01
1.81580000e+07 9.35798200e-01
1.82730000e+07 9.28913700e-01
1.84600000e+07 9.22802000e-01
1.85000000e+07 9.30302600e-01
1.85160000e+07 9.33338800e-01
1.85530000e+07 9.37512300e-01
1.86320000e+07 9.46349700e-01
1.87000000e+07 9.52845900e-01
1.88330000e+07 9.56963000e-01
1.90000000e+07 9.69028000e-01
1.90300000e+07 9.71203000e-01
1.90340000e+07 9.71327400e-01
1.90530000e+07 9.73141900e-01
1.91850000e+07 9.77738400e-01
1.93460000e+07 9.80154900e-01
1.95000000e+07 9.81058500e-01
1.95110000e+07 9.81434600e-01
1.95530000e+07 9.81850000e-01
1.96000000e+07 9.79532900e-01
1.96610000e+07 9.81543400e-01
1.97940000e+07 9.85738600e-01
1.98920000e+07 9.91529700e-01
2.00000000e+07 9.80716100e-01
2.00000100e+07 1.01600000e+00
2.02821741e+07 1.00263574e+00
2.02954700e+07 1.00200600e+00
2.05818026e+07 9.75586495e-01
2.08721747e+07 9.48794259e-01
2.10000000e+07 9.37000000e-01
2.12962722e+07 9.31074556e-01
2.15967243e+07 9.25065515e-01
2.19014152e+07 9.18971697e-01
2.20000000e+07 9.17000000e-01
2.23103804e+07 9.18551902e-01
2.26251397e+07 9.20125699e-01
2.29443397e+07 9.21721699e-01
2.30000000e+07 9.22000000e-01
2.33244886e+07 9.26867329e-01
2.36535551e+07 9.31803327e-01
2.39872642e+07 9.36808964e-01
2.40000000e+07 9.37000000e-01
2.42789400e+07 9.34133900e-01
2.44868600e+07 9.28949300e-01
2.48323255e+07 9.21577812e-01
2.50000000e+07 9.18000000e-01
2.53527050e+07 9.16016352e-01
2.57103860e+07 9.14004718e-01
2.60000000e+07 9.12375900e-01
2.63668132e+07 9.09303509e-01
2.67388015e+07 9.06187773e-01
2.70000000e+07 9.04000000e-01
2.70586700e+07 9.03174200e-01
2.73038900e+07 8.99653300e-01
2.76890987e+07 8.93968495e-01
2.80000000e+07 8.89380300e-01
2.83950296e+07 8.83650270e-01
2.84729300e+07 8.82520300e-01
2.88746318e+07 8.76787780e-01
2.89233600e+07 8.76092400e-01
2.90000000e+07 8.75001400e-01
2.94091378e+07 8.69272898e-01
2.98240478e+07 8.63463577e-01
3.00000000e+07 8.61000000e-01
3.04232460e+07 8.55313521e-01
3.08524632e+07 8.49546815e-01
3.10000000e+07 8.47564600e-01
3.14373542e+07 8.41933708e-01
3.18808787e+07 8.36223375e-01
3.20000000e+07 8.34689700e-01
3.21383400e+07 8.32946600e-01
3.25917541e+07 8.27300209e-01
3.30000000e+07 8.22216300e-01
3.34655706e+07 8.16538015e-01
3.39377096e+07 8.10779619e-01
3.40000000e+07 8.10019900e-01
3.44796788e+07 8.04250948e-01
3.45183800e+07 8.03785500e-01
3.50000000e+07 7.98000000e-01
3.50919600e+07 7.96891100e-01
3.55870444e+07 7.90554572e-01
3.60000000e+07 7.85269200e-01
3.65078952e+07 7.78231195e-01
3.70000000e+07 7.71412000e-01
3.75220034e+07 7.63872131e-01
3.80000000e+07 7.56967900e-01
3.85361116e+07 7.49146675e-01
3.90000000e+07 7.42379100e-01
3.95502198e+07 7.34467434e-01
4.00000000e+07 7.28000000e-01
4.05643280e+07 7.20130333e-01
4.10000000e+07 7.14054800e-01
4.15784362e+07 7.06232549e-01
4.20000000e+07 7.00531700e-01
4.25925444e+07 6.92739919e-01
4.30000000e+07 6.87382000e-01
4.36066526e+07 6.79605624e-01
4.40000000e+07 6.74563500e-01
4.46207608e+07 6.66791078e-01
4.50000000e+07 6.62042700e-01
4.56348690e+07 6.54263650e-01
4.60000000e+07 6.49789700e-01
4.66489772e+07 6.41994381e-01
4.70000000e+07 6.37778000e-01
4.76630854e+07 6.29959892e-01
4.80000000e+07 6.25987500e-01
4.86771936e+07 6.18140384e-01
4.90000000e+07 6.14399800e-01
4.96913018e+07 6.06519098e-01
5.00000000e+07 6.03000000e-01
5.07054100e+07 5.95136160e-01
5.10000000e+07 5.91852100e-01
5.17195182e+07 5.84056696e-01
5.20000000e+07 5.81017900e-01
5.27336264e+07 5.73288412e-01
5.30000000e+07 5.70481900e-01
5.37477346e+07 5.62815975e-01
5.40000000e+07 5.60229700e-01
5.47618428e+07 5.52625366e-01
5.50000000e+07 5.50248200e-01
5.57759510e+07 5.42703473e-01
5.60000000e+07 5.40525000e-01
5.65866100e+07 5.34937000e-01
5.70000000e+07 5.31048800e-01
5.75937000e+07 5.25535400e-01
5.80000000e+07 5.21809000e-01
5.88182756e+07 5.14433718e-01
5.90000000e+07 5.12795800e-01
5.98323838e+07 5.05474319e-01
6.00000000e+07 5.04000000e-01
6.08464920e+07 4.96747257e-01
6.10000000e+07 4.95432000e-01
6.18606002e+07 4.88263028e-01
6.20000000e+07 4.87101800e-01
6.28747084e+07 4.80015000e-01
6.30000000e+07 4.78999900e-01
6.38888166e+07 4.71994159e-01
6.40000000e+07 4.71117800e-01
6.49029248e+07 4.64191735e-01
6.50000000e+07 4.63447100e-01
6.59170330e+07 4.56599431e-01
6.60000000e+07 4.55979900e-01
6.69311412e+07 4.49209200e-01
6.70000000e+07 4.48708500e-01
6.79452494e+07 4.42013771e-01
6.80000000e+07 4.41626000e-01
6.89593576e+07 4.35005761e-01
6.90000000e+07 4.34725300e-01
6.99734658e+07 4.28178450e-01
7.00000000e+07 4.28000000e-01
7.09875740e+07 4.21494159e-01
7.10000000e+07 4.21412300e-01
7.20000000e+07 4.14936100e-01
7.30000000e+07 4.08580800e-01
7.40000000e+07 4.02354700e-01
7.50000000e+07 3.96264400e-01
7.60000000e+07 3.90315200e-01
7.70000000e+07 3.84511300e-01
7.80000000e+07 3.78856100e-01
7.90000000e+07 3.73351800e-01
8.00000000e+07 3.68000000e-01
8.10000000e+07 3.62756200e-01
8.20000000e+07 3.57567200e-01
8.30000000e+07 3.52422200e-01
8.40000000e+07 3.47312000e-01
8.50000000e+07 3.42228300e-01
8.60000000e+07 3.37164300e-01
8.70000000e+07 3.32113900e-01
8.80000000e+07 3.27072400e-01
8.90000000e+07 3.22035500e-01
9.00000000e+07 3.17000000e-01
9.10000000e+07 3.11831200e-01
9.20000000e+07 3.06443100e-01
9.30000000e+07 3.00901100e-01
9.40000000e+07 2.95264200e-01
9.50000000e+07 2.89585000e-01
9.60000000e+07 2.83910100e-01
9.70000000e+07 2.78280700e-01
9.80000000e+07 2.72732600e-01
9.90000000e+07 2.67296800e-01
1.00000000e+08 2.62000000e-01
1.01410820e+08 2.54581626e-01
1.02000000e+08 2.51483600e-01
1.03439036e+08 2.44018239e-01
1.04000000e+08 2.41108100e-01
1.05467253e+08 2.33865814e-01
1.06000000e+08 2.31236200e-01
1.07495469e+08 2.24431516e-01
1.08000000e+08 2.22135800e-01
1.09523686e+08 2.15937599e-01
1.10000000e+08 2.14000000e-01
1.11551902e+08 2.08670613e-01
1.12000000e+08 2.07131800e-01
1.13580118e+08 2.02488148e-01
1.14000000e+08 2.01254200e-01
1.15608335e+08 1.96830395e-01
1.16000000e+08 1.95753100e-01
1.17636551e+08 1.91154227e-01
1.18000000e+08 1.90132900e-01
1.19664768e+08 1.85027973e-01
1.20000000e+08 1.84000000e-01
1.21692984e+08 1.78626469e-01
1.22000000e+08 1.77652000e-01
1.23721200e+08 1.72436246e-01
1.24000000e+08 1.71591400e-01
1.25749417e+08 1.66529550e-01
1.26000000e+08 1.65804500e-01
1.27777633e+08 1.60892633e-01
1.28000000e+08 1.60278200e-01
1.29805850e+08 1.55512382e-01
1.30000000e+08 1.55000000e-01
1.31834066e+08 1.50385673e-01
1.32000000e+08 1.49968200e-01
1.33862282e+08 1.45503192e-01
1.34000000e+08 1.45173000e-01
1.35890499e+08 1.40843191e-01
1.36000000e+08 1.40592400e-01
1.37918715e+08 1.36385329e-01
1.38000000e+08 1.36207100e-01
1.39946932e+08 1.32111632e-01
1.40000000e+08 1.32000000e-01
1.41975148e+08 1.27987684e-01
1.42000000e+08 1.27937200e-01
1.44000000e+08 1.24000500e-01
1.46000000e+08 1.20196100e-01
1.48000000e+08 1.16528300e-01
1.50000000e+08 1.13000000e-01
