594
4.81299800e+06 0.00000000e+00
4.82000000e+06 8.34038400e-03
4.83000000e+06 1.30181400e-02
4.84000000e+06 1.64482900e-02
4.85000000e+06 1.93107400e-02
4.86000000e+06 2.18307300e-02
4.87000000e+06 2.41160100e-02
4.88000000e+06 2.62280500e-02
4.89000000e+06 2.82058000e-02
4.90000000e+06 3.00758500e-02
4.90200000e+06 3.04387100e-02
4.90400000e+06 3.07981700e-02
4.90600000e+06 3.11543500e-02
4.90800000e+06 3.15073600e-02
4.91000000e+06 3.18573100e-02
4.91200000e+06 3.22043000e-02
4.91400000e+06 3.25484200e-02
4.91600000e+06 3.28897800e-02
4.91800000e+06 3.32284500e-02
4.92000000e+06 3.35645200e-02
4.92200000e+06 3.38980700e-02
4.92400000e+06 3.42291800e-02
4.92600000e+06 3.45579200e-02
4.92800000e+06 3.48843500e-02
4.93000000e+06 3.52085600e-02
4.93100000e+06 3.53698400e-02
4.93200000e+06 3.55305900e-02
4.93300000e+06 3.56908200e-02
4.93400000e+06 3.58505200e-02
4.93500000e+06 3.60097100e-02
4.93550000e+06 3.60891200e-02
4.93600000e+06 3.61684000e-02
4.93650000e+06 3.62475600e-02
4.93700000e+06 3.63265900e-02
4.93750000e+06 3.64055000e-02
4.93800000e+06 3.64842900e-02
4.93850000e+06 3.65629600e-02
4.93900000e+06 3.66415100e-02
4.93950000e+06 3.67199300e-02
4.94000000e+06 3.67982400e-02
4.94100000e+06 3.69545100e-02
4.94200000e+06 3.71103100e-02
4.94300000e+06 3.72656500e-02
4.94400000e+06 3.74205500e-02
4.94600000e+06 3.77290000e-02
4.94800000e+06 3.80357100e-02
4.95000000e+06 3.83407300e-02
4.95200000e+06 3.86441000e-02
4.95400000e+06 3.89458700e-02
4.95600000e+06 3.92460800e-02
4.95800000e+06 3.95447500e-02
4.96000000e+06 3.98419500e-02
4.96200000e+06 4.01376900e-02
4.96400000e+06 4.04320200e-02
4.96600000e+06 4.07249700e-02
4.96800000e+06 4.10165800e-02
4.97000000e+06 4.13068800e-02
4.97200000e+06 4.15958900e-02
4.97400000e+06 4.18836600e-02
4.97600000e+06 4.21702100e-02
4.97800000e+06 4.24555700e-02
4.98000000e+06 4.27397600e-02
4.98200000e+06 4.30228300e-02
4.98400000e+06 4.33047900e-02
4.98600000e+06 4.35856600e-02
4.98800000e+06 4.38654800e-02
4.99000000e+06 4.41442800e-02
4.99200000e+06 4.44220600e-02
4.99400000e+06 4.46988700e-02
4.99600000e+06 4.49747100e-02
4.99800000e+06 4.52496200e-02
5.00000000e+06 4.55236100e-02
5.01000000e+06 4.68805700e-02
5.02000000e+06 4.82176600e-02
5.03000000e+06 4.95371000e-02
5.04000000e+06 5.08409000e-02
5.05000000e+06 5.21308600e-02
5.06000000e+06 5.34086200e-02
5.07000000e+06 5.46756700e-02
5.08000000e+06 5.59333800e-02
5.09000000e+06 5.71829900e-02
5.10000000e+06 5.84256400e-02
5.11000000e+06 5.96623700e-02
5.12000000e+06 6.08941100e-02
5.13000000e+06 6.21217200e-02
5.14000000e+06 6.33459600e-02
5.15000000e+06 6.45675000e-02
5.16000000e+06 6.57869000e-02
5.17000000e+06 6.70046500e-02
5.18000000e+06 6.82210800e-02
5.19000000e+06 6.94364400e-02
5.20000000e+06 7.06508100e-02
5.21000000e+06 7.18641000e-02
5.22000000e+06 7.30760300e-02
5.23000000e+06 7.42860800e-02
5.24000000e+06 7.54934500e-02
5.25000000e+06 7.66970500e-02
5.26000000e+06 7.78954600e-02
5.27000000e+06 7.90870700e-02
5.28000000e+06 8.02704700e-02
5.29000000e+06 8.14455700e-02
5.30000000e+06 8.26171200e-02
5.30500000e+06 8.32065600e-02
5.31000000e+06 8.38049200e-02
5.31500000e+06 8.44222900e-02
5.32000000e+06 8.50773000e-02
5.32500000e+06 8.58050400e-02
5.33000000e+06 8.66734000e-02
5.33500000e+06 8.78182800e-02
5.34000000e+06 8.95205900e-02
5.34200000e+06 9.04730700e-02
5.34400000e+06 9.16610900e-02
5.34600000e+06 9.31608700e-02
5.34800000e+06 9.50662600e-02
5.35000000e+06 9.74819400e-02
5.35200000e+06 1.00500600e-01
5.35400000e+06 1.04152900e-01
5.35600000e+06 1.08325100e-01
5.35800000e+06 1.12675800e-01
5.36000000e+06 1.16637800e-01
5.36200000e+06 1.19593500e-01
5.36400000e+06 1.21161800e-01
5.36600000e+06 1.21364000e-01
5.36800000e+06 1.20534300e-01
5.37000000e+06 1.19101300e-01
5.37200000e+06 1.17423500e-01
5.37500000e+06 1.14932500e-01
5.38000000e+06 1.11566800e-01
5.38500000e+06 1.09301900e-01
5.39000000e+06 1.07880300e-01
5.39500000e+06 1.07041700e-01
5.40000000e+06 1.06602500e-01
5.40500000e+06 1.06442200e-01
5.41000000e+06 1.06481400e-01
5.41500000e+06 1.06667500e-01
5.42000000e+06 1.06964300e-01
5.42500000e+06 1.07346700e-01
5.43000000e+06 1.07796700e-01
5.43500000e+06 1.08301300e-01
5.44000000e+06 1.08850700e-01
5.44500000e+06 1.09437600e-01
5.45000000e+06 1.10056100e-01
5.46000000e+06 1.11372000e-01
5.47000000e+06 1.12772900e-01
5.48000000e+06 1.14242500e-01
5.49000000e+06 1.15769900e-01
5.50000000e+06 1.17347700e-01
5.52000000e+06 1.20634300e-01
5.54000000e+06 1.24075100e-01
5.56000000e+06 1.27655400e-01
5.58000000e+06 1.31366300e-01
5.60000000e+06 1.35202500e-01
5.62000000e+06 1.39159900e-01
5.64000000e+06 1.43235000e-01
5.66000000e+06 1.47424300e-01
5.68000000e+06 1.51723500e-01
5.70000000e+06 1.56127300e-01
5.72000000e+06 1.60629100e-01
5.74000000e+06 1.65220400e-01
5.76000000e+06 1.69890700e-01
5.78000000e+06 1.74627200e-01
5.80000000e+06 1.79414600e-01
5.82000000e+06 1.84234500e-01
5.84000000e+06 1.89065400e-01
5.86000000e+06 1.93882700e-01
5.88000000e+06 1.98658100e-01
5.90000000e+06 2.03360200e-01
5.92000000e+06 2.07954200e-01
5.94000000e+06 2.12402500e-01
5.96000000e+06 2.16665000e-01
5.98000000e+06 2.20700000e-01
6.00000000e+06 2.24465500e-01
6.02000000e+06 2.27920300e-01
6.04000000e+06 2.31026900e-01
6.06000000e+06 2.33753900e-01
6.08000000e+06 2.36080900e-01
6.10000000e+06 2.38005400e-01
6.11000000e+06 2.38823700e-01
6.12000000e+06 2.39555000e-01
6.13000000e+06 2.40211100e-01
6.14000000e+06 2.40809600e-01
6.15000000e+06 2.41376100e-01
6.16000000e+06 2.41947400e-01
6.17000000e+06 2.42577300e-01
6.18000000e+06 2.43344400e-01
6.19000000e+06 2.44366000e-01
6.20000000e+06 2.45819500e-01
6.21000000e+06 2.47980700e-01
6.22000000e+06 2.51287900e-01
6.23000000e+06 2.56455900e-01
6.24000000e+06 2.64668300e-01
6.24500000e+06 2.70485500e-01
6.25000000e+06 2.77871600e-01
6.25200000e+06 2.81354200e-01
6.25400000e+06 2.85180900e-01
6.25600000e+06 2.89380700e-01
6.25800000e+06 2.93982700e-01
6.26000000e+06 2.99014300e-01
6.26200000e+06 3.04499600e-01
6.26400000e+06 3.10456600e-01
6.26600000e+06 3.16894400e-01
6.26800000e+06 3.23808400e-01
6.27000000e+06 3.31175700e-01
6.27200000e+06 3.38948700e-01
6.27400000e+06 3.47049600e-01
6.27600000e+06 3.55363700e-01
6.27800000e+06 3.63735400e-01
6.28000000e+06 3.71966700e-01
6.28200000e+06 3.79820300e-01
6.28400000e+06 3.87028900e-01
6.28600000e+06 3.93312300e-01
6.28800000e+06 3.98400000e-01
6.29000000e+06 4.02058200e-01
6.29100000e+06 4.03295000e-01
6.29200000e+06 4.04116700e-01
6.29300000e+06 4.04515400e-01
6.29400000e+06 4.04489100e-01
6.29500000e+06 4.04042100e-01
6.29600000e+06 4.03184400e-01
6.29700000e+06 4.01931800e-01
6.29800000e+06 4.00305000e-01
6.29900000e+06 3.98329100e-01
6.30000000e+06 3.96033200e-01
6.30100000e+06 3.93448900e-01
6.30200000e+06 3.90610100e-01
6.30300000e+06 3.87551800e-01
6.30400000e+06 3.84309800e-01
6.30500000e+06 3.80919600e-01
6.30600000e+06 3.77416200e-01
6.30800000e+06 3.70203500e-01
6.31000000e+06 3.62924100e-01
6.31200000e+06 3.55802300e-01
6.31400000e+06 3.49034000e-01
6.31600000e+06 3.42791000e-01
6.31800000e+06 3.37227100e-01
6.32000000e+06 3.32486500e-01
6.32200000e+06 3.28712700e-01
6.32400000e+06 3.26057300e-01
6.32600000e+06 3.24688000e-01
6.32800000e+06 3.24794200e-01
6.33000000e+06 3.26589000e-01
6.33200000e+06 3.30303700e-01
6.33400000e+06 3.36170100e-01
6.33600000e+06 3.44383300e-01
6.33800000e+06 3.55038400e-01
6.34000000e+06 3.68037100e-01
6.34200000e+06 3.82977000e-01
6.34400000e+06 3.99056900e-01
6.34600000e+06 4.15063900e-01
6.34800000e+06 4.29506000e-01
6.35000000e+06 4.40905300e-01
6.35200000e+06 4.48158300e-01
6.35400000e+06 4.50801200e-01
6.35600000e+06 4.49052600e-01
6.35800000e+06 4.43641600e-01
6.36000000e+06 4.35538300e-01
6.36200000e+06 4.25713300e-01
6.36500000e+06 4.09494600e-01
6.37000000e+06 3.82722300e-01
6.37500000e+06 3.59301900e-01
6.38000000e+06 3.39895800e-01
6.38500000e+06 3.24013600e-01
6.39000000e+06 3.10952300e-01
6.39500000e+06 3.00085200e-01
6.40000000e+06 2.90917100e-01
6.41000000e+06 2.76270400e-01
6.42000000e+06 2.64995000e-01
6.43000000e+06 2.55931100e-01
6.44000000e+06 2.48384600e-01
6.45000000e+06 2.41921500e-01
6.47000000e+06 2.31100000e-01
6.49000000e+06 2.26200000e-01
6.51000000e+06 2.31900000e-01
6.54000000e+06 2.65300000e-01
6.55300000e+06 2.62900000e-01
6.56000000e+06 2.57200000e-01
6.57000000e+06 2.38000000e-01
6.58000000e+06 2.29900000e-01
6.59000000e+06 2.37200000e-01
6.60000000e+06 2.22800000e-01
6.62000000e+06 2.03900000e-01
6.64000000e+06 1.70900000e-01
6.65800000e+06 1.97900000e-01
6.66500000e+06 1.79600000e-01
6.67000000e+06 1.77900000e-01
6.68000000e+06 1.80400000e-01
6.70000000e+06 1.80000000e-01
6.75000000e+06 1.64800000e-01
6.81000000e+06 1.51100000e-01
6.92000000e+06 1.62800000e-01
7.00000000e+06 1.70300000e-01
7.05300000e+06 1.75400000e-01
7.10000000e+06 1.78600000e-01
7.14000000e+06 1.84200000e-01
7.18000000e+06 1.94000000e-01
7.20000000e+06 2.02700000e-01
7.22000000e+06 2.06700000e-01
7.22500000e+06 2.08200000e-01
7.25000000e+06 2.25400000e-01
7.27000000e+06 2.40900000e-01
7.28000000e+06 2.48500000e-01
7.34000000e+06 3.01400000e-01
7.35000000e+06 3.13100000e-01
7.36000000e+06 3.18100000e-01
7.37000000e+06 3.27300000e-01
7.40000000e+06 3.44100000e-01
7.42000000e+06 3.45200000e-01
7.47000000e+06 3.46300000e-01
7.52900000e+06 3.25800000e-01
7.54200000e+06 3.18600000e-01
7.55300000e+06 3.15300000e-01
7.59400000e+06 3.02400000e-01
7.62000000e+06 3.01200000e-01
7.65000000e+06 3.01100000e-01
7.66700000e+06 3.01900000e-01
7.68000000e+06 3.01600000e-01
7.69800000e+06 3.05700000e-01
7.70000000e+06 3.05400000e-01
7.72500000e+06 3.23000000e-01
7.74500000e+06 3.31200000e-01
7.75000000e+06 3.30800000e-01
7.77000000e+06 3.39900000e-01
7.78900000e+06 3.45200000e-01
7.81000000e+06 3.54200000e-01
7.81900000e+06 3.55400000e-01
7.86000000e+06 3.49700000e-01
7.88640000e+06 3.44900000e-01
7.88800000e+06 3.42902254e-01
7.89700000e+06 3.42314930e-01
7.93000000e+06 3.49061408e-01
7.93600000e+06 3.50169859e-01
8.00000000e+06 3.73560000e-01
8.00500000e+06 3.80167200e-01
8.01000000e+06 3.82174400e-01
8.01400000e+06 3.91280160e-01
8.04400000e+06 4.22223360e-01
8.05300000e+06 4.29636320e-01
8.07900000e+06 4.44573760e-01
8.08000000e+06 4.43975200e-01
8.10000000e+06 4.55804000e-01
8.10100000e+06 4.58805440e-01
8.10500000e+06 4.58411200e-01
8.10900000e+06 4.57216960e-01
8.12000000e+06 4.59632800e-01
8.13100000e+06 4.59548640e-01
8.13800000e+06 4.60458720e-01
8.16000000e+06 4.58890400e-01
8.16600000e+06 4.55799040e-01
8.20000000e+06 4.52448000e-01
8.21000000e+06 4.33062400e-01
8.21800000e+06 4.23573920e-01
8.24000000e+06 3.96205600e-01
8.28000000e+06 3.45563200e-01
8.29580000e+06 3.26185952e-01
8.29620000e+06 3.25186528e-01
8.32000000e+06 3.06394500e-01
8.33000000e+06 2.99965916e-01
8.39100000e+06 2.71011558e-01
8.40000000e+06 2.66665833e-01
8.42600000e+06 2.63611517e-01
8.44800000e+06 2.62188633e-01
8.45000000e+06 2.60122917e-01
8.48000000e+06 2.61037167e-01
8.49950000e+06 2.58671429e-01
8.50000000e+06 2.57780000e-01
8.52000000e+06 2.59617200e-01
8.55300000e+06 2.62573580e-01
8.60000000e+06 2.62966000e-01
8.61100000e+06 2.62351460e-01
8.66400000e+06 2.54945040e-01
8.70000000e+06 2.54852000e-01
8.70800000e+06 2.56286880e-01
8.75000000e+06 2.67895000e-01
8.76800000e+06 2.73698480e-01
8.80000000e+06 2.83038000e-01
8.83300000e+06 2.90994380e-01
8.85000000e+06 2.94381000e-01
8.88500000e+06 3.04571100e-01
8.92000000e+06 3.09761200e-01
8.94000000e+06 3.16998400e-01
8.98000000e+06 3.20672800e-01
9.00000000e+06 3.10210000e-01
9.00500000e+06 3.11998800e-01
9.02000000e+06 3.10965200e-01
9.03000000e+06 3.11642800e-01
9.04500000e+06 3.11409200e-01
9.05300000e+06 3.13251280e-01
9.06700000e+06 3.12399920e-01
9.08000000e+06 3.14330800e-01
9.14900000e+06 3.16456240e-01
9.16300000e+06 3.17804880e-01
9.18000000e+06 3.16606800e-01
9.21900000e+06 3.17499440e-01
9.25000000e+06 3.20450000e-01
9.25400000e+06 3.22221040e-01
9.30000000e+06 3.25738000e-01
9.36000000e+06 3.30803600e-01
9.40000000e+06 3.33014000e-01
9.45000000e+06 3.38102000e-01
9.50000000e+06 3.44690000e-01
9.52200000e+06 3.52670600e-01
9.55300000e+06 3.62406900e-01
9.56000000e+06 3.66128000e-01
9.59000000e+06 3.64647000e-01
9.60000000e+06 3.64020000e-01
9.63000000e+06 3.63839000e-01
9.64000000e+06 3.64812000e-01
9.67800000e+06 3.61969400e-01
9.68000000e+06 3.61604000e-01
9.69200000e+06 3.60711600e-01
9.70000000e+06 3.60950000e-01
9.72600000e+06 3.56199800e-01
9.74000000e+06 3.57542000e-01
9.75000000e+06 3.55115000e-01
9.80000000e+06 3.61680000e-01
9.82100000e+06 3.56543300e-01
9.83000000e+06 3.55699000e-01
9.86800000e+06 3.48156400e-01
9.90000000e+06 3.44310000e-01
9.91700000e+06 3.43904100e-01
9.92100000e+06 3.42373300e-01
1.00000000e+07 3.53740000e-01
1.00500000e+07 3.50497000e-01
1.00530000e+07 3.49128420e-01
1.01700000e+07 3.48853800e-01
1.02500000e+07 3.51625000e-01
1.03000000e+07 3.58782000e-01
1.03720000e+07 3.72236080e-01
1.04000000e+07 3.78596000e-01
1.04480000e+07 3.90398720e-01
1.04780000e+07 3.98189843e-01
1.05000000e+07 4.04410000e-01
1.05060000e+07 4.05621360e-01
1.05360000e+07 4.13578160e-01
1.05500000e+07 4.16038000e-01
1.05530000e+07 4.18243680e-01
1.06200000e+07 4.36437200e-01
1.06900000e+07 4.56736400e-01
1.07000000e+07 4.55922000e-01
1.07500000e+07 4.56750000e-01
1.08000000e+07 4.55678000e-01
1.08300000e+07 4.55934800e-01
1.09000000e+07 4.55734000e-01
1.09400000e+07 4.54376400e-01
1.10000000e+07 4.71590000e-01
1.10040000e+07 4.69804480e-01
1.10530000e+07 4.60406860e-01
1.10960000e+07 4.50237520e-01
1.11000000e+07 4.49952000e-01
1.11660000e+07 4.37540920e-01
1.11700000e+07 4.36855400e-01
1.12500000e+07 4.28245000e-01
1.13000000e+07 4.23076000e-01
1.14000000e+07 4.13438000e-01
1.15000000e+07 4.04400000e-01
1.15530000e+07 4.04484580e-01
1.17080000e+07 4.06182880e-01
1.17500000e+07 4.07362671e-01
1.17510000e+07 4.06838381e-01
1.18000000e+07 4.06948137e-01
1.18280000e+07 4.07867998e-01
1.19000000e+07 4.10319068e-01
1.19090000e+07 4.09800452e-01
1.19170000e+07 4.10906127e-01
1.20000000e+07 4.19190000e-01
1.20500000e+07 4.19118000e-01
1.20530000e+07 4.19855680e-01
1.20880000e+07 4.17195280e-01
1.21000000e+07 4.16746000e-01
1.21960000e+07 4.02151760e-01
1.22240000e+07 3.99003440e-01
1.22500000e+07 3.96630000e-01
1.23000000e+07 3.91058000e-01
1.24000000e+07 3.83514000e-01
1.25000000e+07 3.77170000e-01
1.25530000e+07 3.79660120e-01
1.25990000e+07 3.81577960e-01
1.27000000e+07 3.86378000e-01
1.27380000e+07 3.87027520e-01
1.27920000e+07 3.91013680e-01
1.29000000e+07 3.95259462e-01
1.29900000e+07 3.95080946e-01
1.30000000e+07 3.93150000e-01
1.30530000e+07 3.95093620e-01
1.31000000e+07 3.97604000e-01
1.31200000e+07 3.98614800e-01
1.32500000e+07 4.03635000e-01
1.32800000e+07 4.03101200e-01
1.33000000e+07 4.04412000e-01
1.35000000e+07 4.13820000e-01
1.35400000e+07 4.17013600e-01
1.35530000e+07 4.17566520e-01
1.35870000e+07 4.19451080e-01
1.36460000e+07 4.19406640e-01
1.37000000e+07 4.20688000e-01
1.37670000e+07 4.21822280e-01
1.38220000e+07 4.20955004e-01
1.38300000e+07 4.21496127e-01
1.39650000e+07 4.25540085e-01
1.40000000e+07 4.20670000e-01
1.40530000e+07 4.21941280e-01
1.41820000e+07 4.25222320e-01
1.42500000e+07 4.25310000e-01
1.43640000e+07 4.21674640e-01
1.44190000e+07 4.19401440e-01
1.44720000e+07 4.06572720e-01
1.45000000e+07 4.07937654e-01
1.45530000e+07 4.12647640e-01
1.45660000e+07 4.13330080e-01
1.46530000e+07 4.21335640e-01
1.46940000e+07 4.25618720e-01
1.47500000e+07 4.25620000e-01
1.47670000e+07 4.24973960e-01
1.48070000e+07 4.24589160e-01
1.48120000e+07 4.24728560e-01
1.48370000e+07 4.24425560e-01
1.48630000e+07 4.24290440e-01
1.48880000e+07 4.23987440e-01
1.48920000e+07 4.24558960e-01
1.49060000e+07 4.24509280e-01
1.49090000e+07 4.24612920e-01
1.49270000e+07 4.24134760e-01
1.49540000e+07 4.25267520e-01
1.49620000e+07 4.25710560e-01
1.49960000e+07 4.28318480e-01
1.50000000e+07 4.27890000e-01
1.50060000e+07 4.28162520e-01
1.50450000e+07 4.29483900e-01
1.50530000e+07 4.30147260e-01
1.50930000e+07 4.31564060e-01
1.52480000e+07 4.22254160e-01
1.52630000e+07 4.21985460e-01
1.54480000e+07 4.14157358e-01
1.54770000e+07 4.13531332e-01
1.55000000e+07 4.12833421e-01
1.55530000e+07 4.13172900e-01
1.57310000e+07 4.15968300e-01
1.59660000e+07 4.17503800e-01
1.59700000e+07 4.17961000e-01
1.59900000e+07 4.17547000e-01
1.60000000e+07 4.17840000e-01
1.60530000e+07 4.17568960e-01
1.60680000e+07 4.17933760e-01
1.62560000e+07 4.09245920e-01
1.63470000e+07 4.00639040e-01
1.64430000e+07 4.03589838e-01
1.65000000e+07 4.03406517e-01
1.65320000e+07 4.02454240e-01
1.65530000e+07 4.01607960e-01
1.66950000e+07 4.01147400e-01
1.68200000e+07 4.02262400e-01
1.68240000e+07 4.02191680e-01
1.69740000e+07 4.03689680e-01
1.70000000e+07 4.04143291e-01
1.70530000e+07 4.06129020e-01
1.70740000e+07 4.07103160e-01
1.71380000e+07 4.08252920e-01
1.73000000e+07 4.16782000e-01
1.73010000e+07 4.15709340e-01
1.74310000e+07 4.20908118e-01
1.74670000e+07 4.23250389e-01
1.75000000e+07 4.25325349e-01
1.75530000e+07 4.26408940e-01
1.76160000e+07 4.25337680e-01
1.76870000e+07 4.22846260e-01
1.79000000e+07 4.15472000e-01
1.79010000e+07 4.15481980e-01
1.80000000e+07 4.12170000e-01
1.80530000e+07 4.09582040e-01
1.80870000e+07 4.09433160e-01
1.81580000e+07 4.17713440e-01
1.82730000e+07 4.21471640e-01
1.84600000e+07 4.19402800e-01
1.85000000e+07 4.19538571e-01
1.85160000e+07 4.19378800e-01
1.86320000e+07 4.16696526e-01
1.87000000e+07 4.12465537e-01
1.88330000e+07 4.03900516e-01
1.90000000e+07 3.93304010e-01
1.90300000e+07 3.91454000e-01
1.90340000e+07 3.91365200e-01
1.90530000e+07 3.90218400e-01
1.91850000e+07 3.88888000e-01
1.93460000e+07 3.90438800e-01
1.95000000e+07 3.92176667e-01
1.95110000e+07 3.91991700e-01
1.95530000e+07 3.91229100e-01
1.96000000e+07 3.90840000e-01
1.96610000e+07 3.90706675e-01
1.97940000e+07 3.90897950e-01
1.98920000e+07 3.91223100e-01
2.00000000e+07 3.91710000e-01
2.00000100e+07 0.00000000e+00
1.50000000e+08 0.00000000e+00
