478
1.00000000e-05 1.94182984e-01
1.10303700e-05 1.84891157e-01
1.21669100e-05 1.76043952e-01
1.34205500e-05 1.67620093e-01
1.48033600e-05 1.59599324e-01
1.63286500e-05 1.51962355e-01
1.80111100e-05 1.44690823e-01
1.98669100e-05 1.37767239e-01
2.19139400e-05 1.31174955e-01
2.41718900e-05 1.24898118e-01
2.66624800e-05 1.18921633e-01
2.94097100e-05 1.13231128e-01
3.24399900e-05 1.07812918e-01
3.57825100e-05 1.02653975e-01
3.94694300e-05 9.77418920e-02
4.35362400e-05 9.30648560e-02
4.80220800e-05 8.86116200e-02
5.29701300e-05 8.43714760e-02
5.84280100e-05 8.03342260e-02
6.44482500e-05 7.64901630e-02
7.10888100e-05 7.28300410e-02
7.84135800e-05 6.93450590e-02
8.64930800e-05 6.60268370e-02
9.54050600e-05 6.28673940e-02
1.05235300e-04 5.98591340e-02
1.16078400e-04 5.69948210e-02
1.28038800e-04 5.42675690e-02
1.41231500e-04 5.16708170e-02
1.55783600e-04 4.91983230e-02
1.71835100e-04 4.68441400e-02
1.89540400e-04 4.46026060e-02
2.09070100e-04 4.24683320e-02
2.30612000e-04 4.04361840e-02
2.54373600e-04 3.85012770e-02
2.80583500e-04 3.66589570e-02
3.09493900e-04 3.49047930e-02
3.41383200e-04 3.32345680e-02
3.76558300e-04 3.16442640e-02
4.15357700e-04 3.01300580e-02
4.58154900e-04 2.86883080e-02
5.05361800e-04 2.73155470e-02
5.57432800e-04 2.60084730e-02
6.14868900e-04 2.47639440e-02
6.78223200e-04 2.35789680e-02
7.48105200e-04 2.24506930e-02
8.25187700e-04 2.13764070e-02
9.10212500e-04 2.03535270e-02
1.00399800e-03 1.93795920e-02
1.10744690e-03 1.84522610e-02
1.22155490e-03 1.75693040e-02
1.34742020e-03 1.67285970e-02
1.48625420e-03 1.59281180e-02
1.63939330e-03 1.51659430e-02
1.80831140e-03 1.44402390e-02
1.99463430e-03 1.37492600e-02
2.20015530e-03 1.30913460e-02
2.42685260e-03 1.24649130e-02
2.67690810e-03 1.18684560e-02
2.95272860e-03 1.13005390e-02
3.25696870e-03 1.07597980e-02
3.59255680e-03 1.02449320e-02
3.96272290e-03 9.75470300e-03
4.37102980e-03 9.28793200e-03
4.82140740e-03 8.84349700e-03
5.31819050e-03 8.42032800e-03
5.86616070e-03 8.01740900e-03
6.47059200e-03 7.63377000e-03
7.13730200e-03 7.26848900e-03
7.87270780e-03 6.92068700e-03
8.68388760e-03 6.58952900e-03
9.57864890e-03 6.27421700e-03
1.05656037e-02 5.97399400e-03
1.16542513e-02 5.68813900e-03
1.28550698e-02 5.41596300e-03
1.41796170e-02 5.15681200e-03
1.56406415e-02 4.91006500e-03
1.72522055e-02 4.67512700e-03
1.90298201e-02 4.45143500e-03
2.09905947e-02 4.23845100e-03
2.31534016e-02 4.03566400e-03
2.52418800e-02 3.86513700e-03
2.53000000e-02 3.86069600e-03
2.79068348e-02 3.67600200e-03
3.07822700e-02 3.50015700e-03
3.39539812e-02 3.33274300e-03
3.74524958e-02 3.17336100e-03
4.13114868e-02 3.02163200e-03
4.55680964e-02 2.87720000e-03
5.02632940e-02 2.73972500e-03
5.54422705e-02 2.60888700e-03
6.11548730e-02 2.48438100e-03
6.74560846e-02 2.36591100e-03
7.44065538e-02 2.25318300e-03
8.20731781e-02 2.14589400e-03
9.05297481e-02 2.04373500e-03
9.98576572e-02 1.94640500e-03
1.10146686e-01 1.85363300e-03
1.21495864e-01 1.76519000e-03
1.34014427e-01 1.68088500e-03
1.47822865e-01 1.60055400e-03
1.63054082e-01 1.52401700e-03
1.79854678e-01 1.45111800e-03
1.98386355e-01 1.38169400e-03
2.18827480e-01 1.31558500e-03
2.41374796e-01 1.25263700e-03
2.66245319e-01 1.19270200e-03
2.93678424e-01 1.13563400e-03
3.23938153e-01 1.08129600e-03
3.57315753e-01 1.02955600e-03
3.94132478e-01 9.80291000e-04
4.34742686e-01 9.33382000e-04
4.79537247e-01 8.88720000e-04
5.28947302e-01 8.46197000e-04
5.83448419e-01 8.05708000e-04
6.43565164e-01 7.67153000e-04
7.09876156e-01 7.30442000e-04
7.83019630e-01 6.95491000e-04
8.63699584e-01 6.62218000e-04
9.52692555e-01 6.30538000e-04
1.05085509e+00 6.00374000e-04
1.15913199e+00 5.71663000e-04
1.27856542e+00 5.44347000e-04
1.41030490e+00 5.18324000e-04
1.55561841e+00 4.93515000e-04
1.71590459e+00 4.69902000e-04
1.89270617e+00 4.47432000e-04
2.08772484e+00 4.26028000e-04
2.30283763e+00 4.05640000e-04
2.54011500e+00 3.86271000e-04
2.82160517e+00 3.66530000e-04
3.11233476e+00 3.48959000e-04
3.43302024e+00 3.32278000e-04
3.81327316e+00 3.15311000e-04
4.23585202e+00 2.99162000e-04
4.70502931e+00 2.83825000e-04
5.22643069e+00 2.69317000e-04
5.88723055e+00 2.53770000e-04
6.53964097e+00 2.40750000e-04
7.26399371e+00 2.28472000e-04
8.01245347e+00 2.17539000e-04
8.83803223e+00 2.07136000e-04
9.74867612e+00 1.97239000e-04
1.07531500e+01 1.87819000e-04
1.19447913e+01 1.78241000e-04
1.31755461e+01 1.69768000e-04
1.47381503e+01 1.60585000e-04
1.61428511e+01 1.53444000e-04
1.76823022e+01 1.46689000e-04
1.93676116e+01 1.40165000e-04
2.16645874e+01 1.32563000e-04
2.38968404e+01 1.26259000e-04
2.61757450e+01 1.20674000e-04
2.86705689e+01 1.15352000e-04
3.14047166e+01 1.10199000e-04
3.46405629e+01 1.04965000e-04
3.87488926e+01 9.92770000e-05
4.30408509e+01 9.42308000e-05
4.74756489e+01 8.97409000e-05
5.23673949e+01 8.54744000e-05
5.69595745e+01 8.20026000e-05
6.23914825e+01 7.83312000e-05
6.88201105e+01 7.46135000e-05
7.69820941e+01 7.05617000e-05
8.55088910e+01 6.69712000e-05
9.43194664e+01 6.37887000e-05
1.02590489e+02 6.11845000e-05
1.16376623e+02 5.76786000e-05
1.29273234e+02 5.48928000e-05
1.42593154e+02 5.24156000e-05
1.56183781e+02 5.01936000e-05
1.72276482e+02 4.79327000e-05
1.94067652e+02 4.53061000e-05
2.15563241e+02 4.31212000e-05
2.37774220e+02 4.11690000e-05
2.60449384e+02 3.94330000e-05
2.79347511e+02 3.81563000e-05
3.12477795e+02 3.61801000e-05
3.44674554e+02 3.45502000e-05
3.88253223e+02 3.26578000e-05
4.31278623e+02 3.10822000e-05
4.75716257e+02 2.96748000e-05
5.17432567e+02 2.85159000e-05
5.58864758e+02 2.75031000e-05
6.25145457e+02 2.60768000e-05
6.84761993e+02 2.49835000e-05
7.65973955e+02 2.36934000e-05
8.56817559e+02 2.24743000e-05
9.58435107e+02 2.13127000e-05
1.02797886e+03 2.06465000e-05
1.19085428e+03 1.94709000e-05
1.29528217e+03 1.88286000e-05
1.49007227e+03 1.77838000e-05
1.66679307e+03 1.70001000e-05
1.87762494e+03 1.62065000e-05
2.02797132e+03 1.57197000e-05
2.39923806e+03 1.49348000e-05
2.79898506e+03 1.42397000e-05
3.28836957e+03 1.35572000e-05
3.73026143e+03 1.30370000e-05
4.38225859e+03 1.24131000e-05
5.00621448e+03 1.19008000e-05
6.71894281e+03 1.13855000e-05
8.40716662e+03 1.10018000e-05
1.00237114e+04 1.06912000e-05
2.00000000e+04 1.07612000e-05
2.75539104e+04 1.14212000e-05
3.48553325e+04 1.19436000e-05
4.63949995e+04 1.26365000e-05
5.21487853e+04 1.29818000e-05
6.65155472e+04 1.40312000e-05
7.84452000e+04 1.47898000e-05
9.73259481e+04 1.58611000e-05
1.57542214e+05 1.89811000e-05
2.11430252e+05 2.13087000e-05
2.64409580e+05 2.32887000e-05
3.40247142e+05 2.56815000e-05
3.96956606e+05 2.72968000e-05
4.31766357e+05 2.81551000e-05
5.03394166e+05 2.97295000e-05
5.91380376e+05 3.13812000e-05
6.57121549e+05 3.25112000e-05
7.88352097e+05 3.45127000e-05
1.01518292e+06 3.76280000e-05
1.14238226e+06 3.91963000e-05
1.30535799e+06 4.10349000e-05
1.55514504e+06 4.34619000e-05
1.81509743e+06 4.56632000e-05
2.04208480e+06 4.73513000e-05
2.53795729e+06 5.04723000e-05
2.97869237e+06 5.30495000e-05
3.83377493e+06 5.77661000e-05
4.47461481e+06 6.07385000e-05
5.14258184e+06 6.37121000e-05
5.50000000e+06 6.58007000e-05
6.00000000e+06 6.98095000e-05
6.50000000e+06 7.53183000e-05
7.00000000e+06 8.39775000e-05
7.55300000e+06 1.01166000e-04
8.05300000e+06 1.11896000e-04
8.55300000e+06 1.16246000e-04
9.05300000e+06 1.11622000e-04
9.55300000e+06 9.67370000e-05
1.00530000e+07 8.79662000e-05
1.01948297e+07 8.50910000e-05
1.03386604e+07 8.21744000e-05
1.04845203e+07 7.92166000e-05
1.05530000e+07 7.78280000e-05
1.07018838e+07 7.51722000e-05
1.08528682e+07 7.24790000e-05
1.10059826e+07 6.97477000e-05
1.10059826e+07 6.97477000e-05
1.10530000e+07 6.89090000e-05
1.12089379e+07 6.72810000e-05
1.13670759e+07 6.56300000e-05
1.15274448e+07 6.39558000e-05
1.15530000e+07 6.36890000e-05
1.17159920e+07 6.28069000e-05
1.18812836e+07 6.19123000e-05
1.20489071e+07 6.10052000e-05
1.20530000e+07 6.09830000e-05
1.22230461e+07 6.25740000e-05
1.23954913e+07 6.41873000e-05
1.25530000e+07 6.56610000e-05
1.27301002e+07 6.90433000e-05
1.29096990e+07 7.24732000e-05
1.30530000e+07 7.52100000e-05
1.32371543e+07 8.22793000e-05
1.34239068e+07 8.94484000e-05
1.34239068e+07 8.94484000e-05
1.35530000e+07 9.44040000e-05
1.37442084e+07 1.03504000e-04
1.39381145e+07 1.12732000e-04
1.39381145e+07 1.12732000e-04
1.40530000e+07 1.18200000e-04
1.42512625e+07 1.26547000e-04
1.44523222e+07 1.35011000e-04
1.44523222e+07 1.35011000e-04
1.45530000e+07 1.39250000e-04
1.47583166e+07 1.49245000e-04
1.49665299e+07 1.59381000e-04
1.49665299e+07 1.59381000e-04
1.50530000e+07 1.63590000e-04
1.52653707e+07 1.71218000e-04
1.54807376e+07 1.78954000e-04
1.54807376e+07 1.78954000e-04
1.55530000e+07 1.81550000e-04
1.57724248e+07 1.88251000e-04
1.59949453e+07 1.95047000e-04
1.59949454e+07 1.95047000e-04
1.60530000e+07 1.96820000e-04
1.62794789e+07 2.01499000e-04
1.65091531e+07 2.06244000e-04
1.65091531e+07 2.06244000e-04
1.65530000e+07 2.07150000e-04
1.67865330e+07 2.08028000e-04
1.70233608e+07 2.08919000e-04
1.70530000e+07 2.09030000e-04
1.72935871e+07 2.06586000e-04
1.75375685e+07 2.04107000e-04
1.75530000e+07 2.03950000e-04
1.78006412e+07 2.00290000e-04
1.80517762e+07 1.96578000e-04
1.80530000e+07 1.96560000e-04
1.83076953e+07 1.95745000e-04
1.85530000e+07 1.94960000e-04
1.88147494e+07 1.95897000e-04
1.90530000e+07 1.96750000e-04
1.93218035e+07 2.01895000e-04
1.95530000e+07 2.06320000e-04
1.98288576e+07 2.09375000e-04
2.00000000e+07 2.11270000e-04
2.00000100e+07 0.00000000e+00
2.02821741e+07 0.00000000e+00
2.05683191e+07 0.00000000e+00
2.08585011e+07 0.00000000e+00
2.11527770e+07 0.00000000e+00
2.14512046e+07 0.00000000e+00
2.17538425e+07 0.00000000e+00
2.17538425e+07 0.00000000e+00
2.20607500e+07 0.00000000e+00
2.23719875e+07 0.00000000e+00
2.26876160e+07 0.00000000e+00
2.26876160e+07 0.00000000e+00
2.30076974e+07 0.00000000e+00
2.33322946e+07 0.00000000e+00
2.36614713e+07 0.00000000e+00
2.39952920e+07 0.00000000e+00
2.43338224e+07 0.00000000e+00
2.46771289e+07 0.00000000e+00
2.46771289e+07 0.00000000e+00
2.50252787e+07 0.00000000e+00
2.53783404e+07 0.00000000e+00
2.57363831e+07 0.00000000e+00
2.60994771e+07 0.00000000e+00
2.64676937e+07 0.00000000e+00
2.64676938e+07 0.00000000e+00
2.68411053e+07 0.00000000e+00
2.72197849e+07 0.00000000e+00
2.76038071e+07 0.00000000e+00
2.79932471e+07 0.00000000e+00
2.79932471e+07 0.00000000e+00
2.83881815e+07 0.00000000e+00
2.87886876e+07 0.00000000e+00
2.91948442e+07 0.00000000e+00
2.96067309e+07 0.00000000e+00
3.00244286e+07 0.00000000e+00
3.04480192e+07 0.00000000e+00
3.08775859e+07 0.00000000e+00
3.08775859e+07 0.00000000e+00
3.13132131e+07 0.00000000e+00
3.17549862e+07 0.00000000e+00
3.22029919e+07 0.00000000e+00
3.26573181e+07 0.00000000e+00
3.31180541e+07 0.00000000e+00
3.35852902e+07 0.00000000e+00
3.40591182e+07 0.00000000e+00
3.45396311e+07 0.00000000e+00
3.45396311e+07 0.00000000e+00
3.50269231e+07 0.00000000e+00
3.55210899e+07 0.00000000e+00
3.60222286e+07 0.00000000e+00
3.65304374e+07 0.00000000e+00
3.70458161e+07 0.00000000e+00
3.75684659e+07 0.00000000e+00
3.80984893e+07 0.00000000e+00
3.86359904e+07 0.00000000e+00
3.91810747e+07 0.00000000e+00
3.97338491e+07 0.00000000e+00
4.02944222e+07 0.00000000e+00
4.08629040e+07 0.00000000e+00
4.14394060e+07 0.00000000e+00
4.14394060e+07 0.00000000e+00
4.20240414e+07 0.00000000e+00
4.26169250e+07 0.00000000e+00
4.26169250e+07 0.00000000e+00
4.32181731e+07 0.00000000e+00
4.38279038e+07 0.00000000e+00
4.44462366e+07 0.00000000e+00
4.50732930e+07 0.00000000e+00
4.57091960e+07 0.00000000e+00
4.57091960e+07 0.00000000e+00
4.63540705e+07 0.00000000e+00
4.70080430e+07 0.00000000e+00
4.76712419e+07 0.00000000e+00
4.76712419e+07 0.00000000e+00
4.83437973e+07 0.00000000e+00
4.90258412e+07 0.00000000e+00
4.97175076e+07 0.00000000e+00
5.04189321e+07 0.00000000e+00
5.04189322e+07 0.00000000e+00
5.11302525e+07 0.00000000e+00
5.18516084e+07 0.00000000e+00
5.25831412e+07 0.00000000e+00
5.33249947e+07 0.00000000e+00
5.33249947e+07 0.00000000e+00
5.40773144e+07 0.00000000e+00
5.48402480e+07 0.00000000e+00
5.56139451e+07 0.00000000e+00
5.63985578e+07 0.00000000e+00
5.71942399e+07 0.00000000e+00
5.80011477e+07 0.00000000e+00
5.88194395e+07 0.00000000e+00
5.96492759e+07 0.00000000e+00
6.04908198e+07 0.00000000e+00
6.13442364e+07 0.00000000e+00
6.13442364e+07 0.00000000e+00
6.22096932e+07 0.00000000e+00
6.30873600e+07 0.00000000e+00
6.30873600e+07 0.00000000e+00
6.39774091e+07 0.00000000e+00
6.48800151e+07 0.00000000e+00
6.57953554e+07 0.00000000e+00
6.67236094e+07 0.00000000e+00
6.76649594e+07 0.00000000e+00
6.86195902e+07 0.00000000e+00
6.95876891e+07 0.00000000e+00
7.05694462e+07 0.00000000e+00
7.15650540e+07 0.00000000e+00
7.25747081e+07 0.00000000e+00
7.35986066e+07 0.00000000e+00
7.46369505e+07 0.00000000e+00
7.56899435e+07 0.00000000e+00
7.56899435e+07 0.00000000e+00
7.67577923e+07 0.00000000e+00
7.78407066e+07 0.00000000e+00
7.89388989e+07 0.00000000e+00
8.00525847e+07 0.00000000e+00
8.11819825e+07 0.00000000e+00
8.11819825e+07 0.00000000e+00
8.23273142e+07 0.00000000e+00
8.34888044e+07 0.00000000e+00
8.34888044e+07 0.00000000e+00
8.46666812e+07 0.00000000e+00
8.58611756e+07 0.00000000e+00
8.70725223e+07 0.00000000e+00
8.83009588e+07 0.00000000e+00
8.95467264e+07 0.00000000e+00
9.08100695e+07 0.00000000e+00
9.20912362e+07 0.00000000e+00
9.33904777e+07 0.00000000e+00
9.47080493e+07 0.00000000e+00
9.60442094e+07 0.00000000e+00
9.73992203e+07 0.00000000e+00
9.87733480e+07 0.00000000e+00
1.00166862e+08 0.00000000e+00
1.01580036e+08 0.00000000e+00
1.03013148e+08 0.00000000e+00
1.04466478e+08 0.00000000e+00
1.05940312e+08 0.00000000e+00
1.07434939e+08 0.00000000e+00
1.08950652e+08 0.00000000e+00
1.10487750e+08 0.00000000e+00
1.12046533e+08 0.00000000e+00
1.13627308e+08 0.00000000e+00
1.15230385e+08 0.00000000e+00
1.16856078e+08 0.00000000e+00
1.18504707e+08 0.00000000e+00
1.18504707e+08 0.00000000e+00
1.20176595e+08 0.00000000e+00
1.21872071e+08 0.00000000e+00
1.23591466e+08 0.00000000e+00
1.23591466e+08 0.00000000e+00
1.25335120e+08 0.00000000e+00
1.27103372e+08 0.00000000e+00
1.28896572e+08 0.00000000e+00
1.30715071e+08 0.00000000e+00
1.30715071e+08 0.00000000e+00
1.32559225e+08 0.00000000e+00
1.34429397e+08 0.00000000e+00
1.36325954e+08 0.00000000e+00
1.38249268e+08 0.00000000e+00
1.40199716e+08 0.00000000e+00
1.42177682e+08 0.00000000e+00
1.42177682e+08 0.00000000e+00
1.44183553e+08 0.00000000e+00
1.46217724e+08 0.00000000e+00
1.48280592e+08 0.00000000e+00
1.50000000e+08 0.00000000e+00
