282
6.43088500e+06 0.00000000e+00
6.47500000e+06 4.64838000e-07
6.50000000e+06 2.00000000e-04
6.51646100e+06 2.38293000e-04
6.52500000e+06 7.59947100e-03
6.57500000e+06 1.17155120e-02
6.62500000e+06 2.37480150e-02
6.67500000e+06 3.85500000e-02
6.72500000e+06 6.57536880e-02
6.77500000e+06 1.16069522e-01
6.82500000e+06 1.36200000e-01
6.87500000e+06 1.00513192e-01
6.92500000e+06 6.81520290e-02
6.97500000e+06 6.56700000e-02
7.00000000e+06 7.06115180e-02
7.02500000e+06 7.58146670e-02
7.07500000e+06 8.48827500e-02
7.12500000e+06 1.02500416e-01
7.17500000e+06 1.27231390e-01
7.22500000e+06 1.57826694e-01
7.27500000e+06 1.94349692e-01
7.32500000e+06 2.45002108e-01
7.35330400e+06 2.65127460e-01
7.37500000e+06 2.75429580e-01
7.42500000e+06 2.86389832e-01
7.47500000e+06 2.83371330e-01
7.50000000e+06 2.70267968e-01
7.52500000e+06 2.57051170e-01
7.56559700e+06 2.44696609e-01
7.57500000e+06 2.53233099e-01
7.62500000e+06 2.60560570e-01
7.67500000e+06 2.94737889e-01
7.72500000e+06 3.31369238e-01
7.77500000e+06 3.75592360e-01
7.82500000e+06 4.21382560e-01
7.87500000e+06 4.02562900e-01
7.92500000e+06 3.33982899e-01
7.97500000e+06 2.63810167e-01
8.00000000e+06 2.34151644e-01
8.02500000e+06 2.10148400e-01
8.07500000e+06 2.13316315e-01
8.12500000e+06 2.49487522e-01
8.17500000e+06 3.14380811e-01
8.22500000e+06 3.75633632e-01
8.27500000e+06 4.27482380e-01
8.32500000e+06 4.61939820e-01
8.37500000e+06 4.84470290e-01
8.42500000e+06 4.63736900e-01
8.47500000e+06 4.56276590e-01
8.50000000e+06 4.49006470e-01
8.52500000e+06 4.38185820e-01
8.57500000e+06 4.05739450e-01
8.62500000e+06 3.86922560e-01
8.67500000e+06 3.65342881e-01
8.72500000e+06 3.48246095e-01
8.77500000e+06 3.39595100e-01
8.82500000e+06 3.36861738e-01
8.87500000e+06 3.17587438e-01
8.92500000e+06 3.11112606e-01
8.97500000e+06 3.19184135e-01
9.00000000e+06 3.25424920e-01
9.02500000e+06 3.32562871e-01
9.07500000e+06 3.50339043e-01
9.12500000e+06 3.37422983e-01
9.17500000e+06 3.32581003e-01
9.22500000e+06 3.30123957e-01
9.27500000e+06 3.18176691e-01
9.32500000e+06 3.04895712e-01
9.37500000e+06 2.95752994e-01
9.42500000e+06 3.20175474e-01
9.43137600e+06 3.21552077e-01
9.47500000e+06 3.23031826e-01
9.50000000e+06 3.18966917e-01
9.52500000e+06 3.15363885e-01
9.57500000e+06 3.10808109e-01
9.62500000e+06 3.04172015e-01
9.67500000e+06 3.09594442e-01
9.72500000e+06 3.23043693e-01
9.77500000e+06 3.34291790e-01
9.82500000e+06 3.32835123e-01
9.87500000e+06 3.42585568e-01
9.92500000e+06 3.29217878e-01
9.97500000e+06 3.27574038e-01
1.00000000e+07 3.33825620e-01
1.00500000e+07 3.51822868e-01
1.01500000e+07 3.41153383e-01
1.01894500e+07 3.34165829e-01
1.02500000e+07 3.23235576e-01
1.03500000e+07 3.07272844e-01
1.04500000e+07 2.95762220e-01
1.05000000e+07 2.90847538e-01
1.05500000e+07 2.89582767e-01
1.06500000e+07 2.92035773e-01
1.07500000e+07 3.07867376e-01
1.08500000e+07 3.23346868e-01
1.09500000e+07 3.25780037e-01
1.10000000e+07 3.32339417e-01
1.10500000e+07 3.39904828e-01
1.11500000e+07 3.44306780e-01
1.12500000e+07 4.00301049e-01
1.13500000e+07 4.26762917e-01
1.14500000e+07 4.33837743e-01
1.15000000e+07 4.29843850e-01
1.15500000e+07 4.16246168e-01
1.16479700e+07 3.63509671e-01
1.16500000e+07 3.62556437e-01
1.17500000e+07 3.29246124e-01
1.17787200e+07 3.22573537e-01
1.18500000e+07 3.12654092e-01
1.19500000e+07 3.08996596e-01
1.20000000e+07 3.10371366e-01
1.20500000e+07 3.13681521e-01
1.21500000e+07 3.31552687e-01
1.22500000e+07 3.49597767e-01
1.23500000e+07 3.71632165e-01
1.24500000e+07 3.93732808e-01
1.25000000e+07 4.03582311e-01
1.25500000e+07 4.12537890e-01
1.26500000e+07 4.28859823e-01
1.27500000e+07 4.36524680e-01
1.28500000e+07 4.25719970e-01
1.28923500e+07 4.18393095e-01
1.29500000e+07 4.06831924e-01
1.30000000e+07 3.96416510e-01
1.30500000e+07 3.89275935e-01
1.31500000e+07 3.87752220e-01
1.32500000e+07 3.81041893e-01
1.33500000e+07 3.76591514e-01
1.34500000e+07 3.76093275e-01
1.35000000e+07 3.79035142e-01
1.35500000e+07 3.79192813e-01
1.36500000e+07 3.54378645e-01
1.36743500e+07 3.45401559e-01
1.37500000e+07 3.15204900e-01
1.38500000e+07 3.03681840e-01
1.39500000e+07 3.09802996e-01
1.40000000e+07 3.09568893e-01
1.40500000e+07 3.11730877e-01
1.41500000e+07 3.13993454e-01
1.42500000e+07 3.06398694e-01
1.43500000e+07 3.02833415e-01
1.44500000e+07 3.23311092e-01
1.45000000e+07 3.32943612e-01
1.45500000e+07 3.41162859e-01
1.46500000e+07 3.51803082e-01
1.47500000e+07 3.54203238e-01
1.48500000e+07 3.48760748e-01
1.49500000e+07 3.43427578e-01
1.50000000e+07 3.39530171e-01
1.50500000e+07 3.35027656e-01
1.51500000e+07 3.29012889e-01
1.52500000e+07 3.28090017e-01
1.53500000e+07 3.24335849e-01
1.54500000e+07 3.18410746e-01
1.55000000e+07 3.20973519e-01
1.55500000e+07 3.23277167e-01
1.56500000e+07 3.13826087e-01
1.57500000e+07 2.97620230e-01
1.58500000e+07 2.89509967e-01
1.59500000e+07 2.89578570e-01
1.60000000e+07 2.94197232e-01
1.61000000e+07 3.04540062e-01
1.62000000e+07 2.98213138e-01
1.62050000e+07 2.98104531e-01
1.63000000e+07 2.95146789e-01
1.64000000e+07 2.88710018e-01
1.64100000e+07 2.87252691e-01
1.65000000e+07 2.59111496e-01
1.66000000e+07 2.52338359e-01
1.66150000e+07 2.51970570e-01
1.66516000e+07 2.51242513e-01
1.67000000e+07 2.50420939e-01
1.68000000e+07 2.50871409e-01
1.68200000e+07 2.50630763e-01
1.69000000e+07 2.47129035e-01
1.70000000e+07 2.43104887e-01
1.70250000e+07 2.42323491e-01
1.71000000e+07 2.40758246e-01
1.72000000e+07 2.40743843e-01
1.72300000e+07 2.41173566e-01
1.73000000e+07 2.42664720e-01
1.74000000e+07 2.43587629e-01
1.74350000e+07 2.43232871e-01
1.75000000e+07 2.40983885e-01
1.76000000e+07 2.35221138e-01
1.76400000e+07 2.32982337e-01
1.77000000e+07 2.29954305e-01
1.78000000e+07 2.27168019e-01
1.78450000e+07 2.26215817e-01
1.79000000e+07 2.26391980e-01
1.80000000e+07 2.29970270e-01
1.80500000e+07 2.31701787e-01
1.81000000e+07 2.33161101e-01
1.82000000e+07 2.31246460e-01
1.82550000e+07 2.28334962e-01
1.83000000e+07 2.25643777e-01
1.84000000e+07 2.19086622e-01
1.84600000e+07 2.15593829e-01
1.85000000e+07 2.14761479e-01
1.86000000e+07 2.18633282e-01
1.86650000e+07 2.22851342e-01
1.87000000e+07 2.24782790e-01
1.88000000e+07 2.24513350e-01
1.88700000e+07 2.20894881e-01
1.89000000e+07 2.18895165e-01
1.90000000e+07 2.10980120e-01
1.90750000e+07 2.07510895e-01
1.91000000e+07 2.06191373e-01
1.92000000e+07 1.93249790e-01
1.92800000e+07 1.86864500e-01
1.93000000e+07 1.85855386e-01
1.94000000e+07 1.85418174e-01
1.94850000e+07 1.94191171e-01
1.95000000e+07 1.95601555e-01
1.96000000e+07 2.04516938e-01
1.96900000e+07 2.08566879e-01
1.97000000e+07 2.08710127e-01
1.98000000e+07 2.09138455e-01
1.98950000e+07 2.08399946e-01
1.99000000e+07 2.08324902e-01
2.00000000e+07 2.05742125e-01
2.01000000e+07 2.09590206e-01
2.03500000e+07 2.09242473e-01
2.05000000e+07 2.06042941e-01
2.06500000e+07 2.00583578e-01
2.09500000e+07 1.86604404e-01
2.09945100e+07 1.84425687e-01
2.10000000e+07 1.84140903e-01
2.12500000e+07 1.70497186e-01
2.15000000e+07 1.58900406e-01
2.15500000e+07 1.57033803e-01
2.18500000e+07 1.56208055e-01
2.20000000e+07 1.52121272e-01
2.20439600e+07 1.51449025e-01
2.21500000e+07 1.50278133e-01
2.24500000e+07 1.56293674e-01
2.25000000e+07 1.55786015e-01
2.27500000e+07 1.47676079e-01
2.30000000e+07 1.45830989e-01
2.30500000e+07 1.45443347e-01
2.33500000e+07 1.38340982e-01
2.35000000e+07 1.31813751e-01
2.36500000e+07 1.27496399e-01
2.37434800e+07 1.28129725e-01
2.39500000e+07 1.31614179e-01
2.40000000e+07 1.30763731e-01
2.42500000e+07 1.22929373e-01
2.44088300e+07 1.18350847e-01
2.45000000e+07 1.16001827e-01
2.45500000e+07 1.15164178e-01
2.45771100e+07 1.14810519e-01
2.48500000e+07 1.11258020e-01
2.50000000e+07 1.08938807e-01
2.51500000e+07 1.07106885e-01
2.54500000e+07 1.09327232e-01
2.55000000e+07 1.08847834e-01
2.57500000e+07 1.04680345e-01
2.60000000e+07 1.00731181e-01
2.60500000e+07 1.00070754e-01
2.63500000e+07 9.76696710e-02
2.65000000e+07 9.95883720e-02
2.66500000e+07 1.02283141e-01
2.69500000e+07 1.04658907e-01
2.70000000e+07 1.04575989e-01
2.72500000e+07 1.03021777e-01
2.75000000e+07 1.01998680e-01
2.75500000e+07 1.01939943e-01
2.78500000e+07 1.01044074e-01
2.80000000e+07 9.96339160e-02
2.81500000e+07 9.76411750e-02
2.84500000e+07 9.59846890e-02
2.85000000e+07 9.58547680e-02
2.87500000e+07 9.24061580e-02
2.90000000e+07 8.93790130e-02
2.90500000e+07 8.98329160e-02
2.93500000e+07 9.35443120e-02
2.95000000e+07 8.82555190e-02
2.96500000e+07 8.51888580e-02
2.99500000e+07 8.59974730e-02
3.00000000e+07 8.63361780e-02
3.00000100e+07 0.00000000e+00
1.50000000e+08 0.00000000e+00
