2178
1.00000000e-05 1.09585906e+02
1.10303700e-05 1.04347615e+02
1.21669100e-05 9.93602567e+01
1.34205500e-05 9.46118372e+01
1.48033600e-05 9.00909380e+01
1.63286500e-05 8.57866871e+01
1.80111100e-05 8.16887338e+01
1.98669100e-05 7.77872233e+01
2.19139400e-05 7.40727733e+01
2.41718900e-05 7.05364514e+01
2.66624800e-05 6.71697533e+01
2.94097100e-05 6.39645828e+01
3.24399900e-05 6.09132320e+01
3.57825100e-05 5.80083631e+01
3.94694300e-05 5.52429902e+01
4.35362400e-05 5.26104632e+01
4.80220800e-05 5.01044512e+01
5.29701300e-05 4.77189274e+01
5.84280100e-05 4.54481551e+01
6.44482500e-05 4.32866731e+01
7.10888100e-05 4.12292833e+01
7.84135800e-05 3.92710376e+01
8.64930800e-05 3.74072263e+01
9.54050600e-05 3.56333670e+01
1.05235300e-04 3.39451931e+01
1.16078400e-04 3.23386443e+01
1.28038800e-04 3.08098562e+01
1.41231500e-04 2.93551515e+01
1.55783600e-04 2.79710306e+01
1.71835100e-04 2.66541638e+01
1.89540400e-04 2.54013826e+01
2.09070100e-04 2.42096727e+01
2.30612000e-04 2.30761660e+01
2.54373600e-04 2.19981342e+01
2.80583500e-04 2.09729823e+01
3.09493900e-04 1.99982415e+01
3.41383200e-04 1.90715641e+01
3.76558300e-04 1.81907173e+01
4.15357700e-04 1.73535778e+01
4.58154900e-04 1.65581266e+01
5.08926700e-04 1.57497563e+01
5.65297100e-04 1.49851668e+01
6.27942200e-04 1.42615207e+01
6.97495200e-04 1.35774842e+01
7.74790100e-04 1.29305137e+01
8.60608500e-04 1.23194108e+01
9.55979300e-04 1.17418965e+01
1.06186680e-03 1.11968932e+01
1.17954060e-03 1.06823590e+01
1.31019050e-03 1.01973234e+01
1.45538310e-03 9.73995728e+00
1.61658620e-03 9.30938386e+00
1.79573290e-03 8.90396343e+00
1.99463430e-03 8.52290060e+00
2.21567550e-03 8.16472337e+00
2.46109120e-03 7.82870501e+00
2.75297370e-03 7.49330669e+00
3.07947310e-03 7.18061789e+00
3.44469490e-03 6.88952455e+00
3.85323170e-03 6.61896201e+00
4.31022040e-03 6.36790942e+00
4.85541810e-03 6.12139734e+00
5.46930930e-03 5.89476463e+00
6.16111960e-03 5.68672619e+00
6.98905230e-03 5.48567739e+00
7.92824270e-03 5.30314633e+00
9.05663950e-03 5.12926346e+00
1.03461443e-02 4.97322223e+00
1.19020419e-02 4.82684753e+00
1.37878297e-02 4.69120904e+00
1.60850772e-02 4.56703128e+00
1.88974494e-02 4.45476152e+00
2.23570616e-02 4.35453551e+00
2.52418800e-02 4.29166020e+00
2.53000000e-02 4.29053915e+00
3.07822700e-02 4.20369595e+00
3.79808831e-02 4.12758562e+00
4.78593252e-02 4.06033096e+00
6.24551369e-02 3.99983115e+00
8.44053237e-02 3.94811184e+00
1.18972259e-01 3.90572755e+00
1.86270092e-01 3.86736459e+00
3.85945905e-01 3.83015576e+00
2.31908208e+00 3.80154916e+00
1.18432675e+05 3.55496811e+00
1.87974970e+05 3.44078986e+00
2.31699844e+05 3.39176185e+00
2.60000000e+05 3.37459224e+00
2.90001825e+05 3.39902236e+00
3.00000000e+05 3.41523126e+00
3.20000000e+05 3.48937786e+00
3.40000000e+05 3.64306828e+00
3.60000000e+05 3.96608816e+00
3.80000000e+05 4.70654479e+00
3.90000000e+05 5.43943679e+00
3.95000000e+05 5.97781105e+00
4.00000000e+05 6.68774870e+00
4.05000000e+05 7.62838804e+00
4.10000000e+05 8.86982990e+00
4.15000000e+05 1.04697055e+01
4.20000000e+05 1.24052943e+01
4.25000000e+05 1.44415993e+01
4.30000000e+05 1.60263272e+01
4.34000000e+05 1.65138453e+01
4.35125000e+05 1.64775124e+01
4.40000000e+05 1.56312206e+01
4.45000000e+05 1.39123715e+01
4.50000000e+05 1.19817488e+01
4.55000000e+05 1.02408748e+01
4.60000000e+05 8.81944155e+00
4.65000000e+05 7.70605613e+00
4.70000000e+05 6.84471218e+00
4.75000000e+05 6.17696419e+00
4.80000000e+05 5.65590527e+00
5.00000000e+05 4.41939053e+00
5.20000000e+05 3.83194225e+00
5.40000000e+05 3.50390990e+00
5.60000000e+05 3.29704700e+00
5.80000000e+05 3.15422809e+00
6.00000000e+05 3.04867627e+00
6.28777935e+05 2.93798258e+00
6.58250476e+05 2.85371753e+00
6.83575731e+05 2.79574962e+00
7.14918352e+05 2.73968853e+00
7.45605888e+05 2.70192809e+00
7.80000000e+05 2.67750428e+00
8.05000000e+05 2.68446375e+00
8.20000000e+05 2.70040672e+00
8.35000000e+05 2.73123336e+00
8.50000000e+05 2.77847516e+00
8.60000000e+05 2.82447033e+00
8.70000000e+05 2.88518705e+00
8.80000000e+05 2.96496572e+00
8.90000000e+05 3.06974198e+00
9.00000000e+05 3.20766446e+00
9.10000000e+05 3.38993961e+00
9.20000000e+05 3.63186736e+00
9.30000000e+05 3.95379112e+00
9.40000000e+05 4.38105074e+00
9.50000000e+05 4.94034140e+00
9.60000000e+05 5.64685139e+00
9.80000000e+05 7.30746292e+00
9.90000000e+05 7.93077571e+00
1.00000000e+06 8.12247308e+00
1.01000000e+06 7.83149519e+00
1.02000000e+06 7.21357956e+00
1.03000000e+06 6.48418431e+00
1.04000000e+06 5.79046881e+00
1.05000000e+06 5.19404572e+00
1.06000000e+06 4.70445192e+00
1.07000000e+06 4.30965866e+00
1.08000000e+06 3.99224115e+00
1.09000000e+06 3.73583991e+00
1.10000000e+06 3.52699999e+00
1.11000000e+06 3.35524817e+00
1.12000000e+06 3.21261670e+00
1.13000000e+06 3.09311018e+00
1.14000000e+06 2.99223147e+00
1.15000000e+06 2.90663512e+00
1.16000000e+06 2.83386057e+00
1.17000000e+06 2.77216390e+00
1.18000000e+06 2.72041388e+00
1.19000000e+06 2.67805894e+00
1.20000000e+06 2.64516675e+00
1.21000000e+06 2.62258057e+00
1.22000000e+06 2.61223685e+00
1.23000000e+06 2.61779524e+00
1.24000000e+06 2.64587153e+00
1.25000000e+06 2.70834176e+00
1.25500000e+06 2.75887208e+00
1.26000000e+06 2.82795392e+00
1.26500000e+06 2.92178993e+00
1.27000000e+06 3.04936722e+00
1.27500000e+06 3.22350058e+00
1.28000000e+06 3.46219833e+00
1.28500000e+06 3.78958477e+00
1.29000000e+06 4.23390387e+00
1.29500000e+06 4.81581130e+00
1.30500000e+06 6.21027280e+00
1.30700000e+06 6.43583041e+00
1.30900000e+06 6.60287151e+00
1.31100000e+06 6.69743520e+00
1.31300000e+06 6.71152632e+00
1.31500000e+06 6.64557571e+00
1.31700000e+06 6.50814660e+00
1.31900000e+06 6.31369185e+00
1.32100000e+06 6.07928843e+00
1.33000000e+06 4.91970823e+00
1.33500000e+06 4.38027117e+00
1.34000000e+06 3.95243961e+00
1.34500000e+06 3.62057052e+00
1.35000000e+06 3.36383224e+00
1.36000000e+06 3.00361815e+00
1.37000000e+06 2.77041747e+00
1.38000000e+06 2.61059079e+00
1.39000000e+06 2.49503910e+00
1.40000000e+06 2.40757455e+00
1.41000000e+06 2.33874791e+00
1.42000000e+06 2.28278359e+00
1.43000000e+06 2.23601729e+00
1.44500000e+06 2.17852072e+00
1.46500000e+06 2.11611910e+00
1.49000000e+06 2.05336984e+00
1.52500000e+06 1.98319686e+00
1.56500000e+06 1.91783480e+00
1.59500000e+06 1.87838842e+00
1.61600000e+06 1.86293704e+00
1.62250000e+06 1.86715426e+00
1.62900000e+06 1.88227179e+00
1.63200000e+06 1.89879507e+00
1.63400000e+06 1.91678477e+00
1.63600000e+06 1.94388581e+00
1.63800000e+06 1.98612385e+00
1.64000000e+06 2.05463767e+00
1.64100000e+06 2.10583040e+00
1.64200000e+06 2.17617215e+00
1.64300000e+06 2.27488779e+00
1.64400000e+06 2.41806979e+00
1.64487500e+06 2.60053373e+00
1.64500000e+06 2.63344217e+00
1.64575000e+06 2.87877540e+00
1.64600000e+06 2.97414987e+00
1.64637500e+06 3.15065844e+00
1.64650000e+06 3.21932776e+00
1.64687500e+06 3.45681208e+00
1.64700000e+06 3.54786990e+00
1.64731250e+06 3.80844927e+00
1.64750000e+06 3.98686233e+00
1.64775000e+06 4.25991573e+00
1.64793750e+06 4.48790054e+00
1.64806250e+06 4.65807234e+00
1.64834375e+06 5.08543372e+00
1.64850000e+06 5.34802317e+00
1.64871875e+06 5.75581383e+00
1.64893750e+06 6.19668462e+00
1.64950000e+06 7.41807591e+00
1.64982812e+06 8.08738362e+00
1.64996875e+06 8.33601415e+00
1.65006250e+06 8.47115928e+00
1.65020312e+06 8.62868638e+00
1.65035938e+06 8.75591376e+00
1.65049219e+06 8.80762504e+00
1.65050000e+06 8.80836162e+00
1.65062305e+06 8.78490234e+00
1.65074609e+06 8.71232884e+00
1.65090625e+06 8.57255383e+00
1.65104688e+06 8.39418499e+00
1.65118750e+06 8.15739058e+00
1.65150000e+06 7.53520903e+00
1.65200000e+06 6.44951934e+00
1.65237500e+06 5.68559205e+00
1.65250000e+06 5.45182337e+00
1.65268750e+06 5.13261011e+00
1.65293750e+06 4.74489663e+00
1.65306250e+06 4.57127212e+00
1.65337500e+06 4.18813378e+00
1.65350000e+06 4.05104348e+00
1.65368750e+06 3.86814404e+00
1.65393750e+06 3.65216960e+00
1.65406250e+06 3.56002052e+00
1.65471875e+06 3.16077170e+00
1.65493750e+06 3.03929255e+00
1.65506250e+06 2.98101158e+00
1.65575000e+06 2.73019103e+00
1.65600000e+06 2.65190829e+00
1.65675000e+06 2.47553226e+00
1.65700000e+06 2.42553134e+00
1.65800000e+06 2.27614298e+00
1.65900000e+06 2.17165782e+00
1.66000000e+06 2.09635997e+00
1.66100000e+06 2.04030965e+00
1.66200000e+06 1.99742046e+00
1.66300000e+06 1.96394145e+00
1.66450000e+06 1.92607406e+00
1.66650000e+06 1.88949589e+00
1.66900000e+06 1.85789965e+00
1.67250000e+06 1.82881613e+00
1.67750000e+06 1.80234844e+00
1.68600000e+06 1.77814972e+00
1.68695312e+06 1.78018112e+00
1.68790625e+06 1.79925484e+00
1.68800000e+06 1.80923981e+00
1.68809375e+06 1.82640648e+00
1.68849805e+06 1.93273213e+00
1.68867383e+06 1.98481984e+00
1.68876978e+06 2.02233351e+00
1.68882068e+06 2.05313263e+00
1.68886133e+06 2.08941370e+00
1.68888989e+06 2.12458210e+00
1.68891260e+06 2.16023683e+00
1.68893945e+06 2.21346684e+00
1.68896338e+06 2.27304809e+00
1.68899078e+06 2.35788875e+00
1.68901055e+06 2.43145333e+00
1.68903000e+06 2.51480685e+00
1.68905688e+06 2.64856772e+00
1.68907625e+06 2.75837034e+00
1.68909875e+06 2.89914476e+00
1.68913250e+06 3.13290846e+00
1.68920562e+06 3.67764644e+00
1.68923188e+06 3.85910542e+00
1.68925375e+06 3.99303418e+00
1.68927625e+06 4.10807076e+00
1.68929500e+06 4.18246006e+00
1.68931750e+06 4.24221137e+00
1.68933875e+06 4.26661033e+00
1.68934500e+06 4.26766590e+00
1.68936250e+06 4.25576812e+00
1.68938000e+06 4.22238913e+00
1.68940000e+06 4.15933756e+00
1.68942250e+06 4.05976354e+00
1.68944000e+06 3.96433396e+00
1.68946438e+06 3.81071991e+00
1.68950094e+06 3.55114130e+00
1.68956000e+06 3.11753779e+00
1.68959438e+06 2.88656861e+00
1.68961562e+06 2.75790834e+00
1.68964375e+06 2.60667636e+00
1.68967188e+06 2.47766925e+00
1.68969375e+06 2.39205491e+00
1.68972031e+06 2.30383392e+00
1.68974844e+06 2.22680417e+00
1.68978125e+06 2.15436776e+00
1.68981875e+06 2.08922108e+00
1.68985156e+06 2.04358703e+00
1.68989375e+06 1.99609413e+00
1.68995000e+06 1.94685141e+00
1.69000000e+06 1.91344971e+00
1.69007031e+06 1.87996689e+00
1.69013281e+06 1.86098837e+00
1.69022070e+06 1.84602705e+00
1.69068750e+06 1.82219094e+00
1.69200000e+06 1.76919280e+00
1.69500000e+06 1.75518295e+00
1.76587596e+06 1.64381009e+00
1.77300000e+06 1.63306526e+00
1.81400000e+06 1.55049653e+00
1.81600000e+06 1.55116159e+00
1.81800000e+06 1.55690247e+00
1.82000000e+06 1.57224431e+00
1.82200000e+06 1.60586512e+00
1.82300000e+06 1.63509496e+00
1.82400000e+06 1.67865480e+00
1.82500000e+06 1.74331607e+00
1.82600000e+06 1.84007955e+00
1.82693750e+06 1.97471159e+00
1.82737500e+06 2.06388008e+00
1.82793750e+06 2.19225965e+00
1.82825000e+06 2.28820484e+00
1.82850000e+06 2.36980936e+00
1.82900000e+06 2.55215316e+00
1.82950000e+06 2.78675805e+00
1.83000000e+06 3.04791786e+00
1.83037500e+06 3.28019235e+00
1.83187500e+06 4.26407983e+00
1.83200000e+06 4.33237609e+00
1.83250000e+06 4.54245859e+00
1.83300000e+06 4.70951900e+00
1.83316875e+06 4.73792910e+00
1.83326250e+06 4.74114719e+00
1.83360664e+06 4.71118833e+00
1.83399727e+06 4.64278353e+00
1.83452188e+06 4.45664406e+00
1.83500000e+06 4.27798878e+00
1.83600000e+06 3.84850043e+00
1.83700000e+06 3.46105607e+00
1.83800000e+06 3.14850587e+00
1.83900000e+06 2.90593802e+00
1.84000000e+06 2.71886200e+00
1.84100000e+06 2.57350913e+00
1.84200000e+06 2.45914201e+00
1.84300000e+06 2.36789080e+00
1.84400000e+06 2.29408651e+00
1.84500000e+06 2.23364800e+00
1.84600000e+06 2.18377163e+00
1.84750000e+06 2.12411037e+00
1.84900000e+06 2.07680252e+00
1.85100000e+06 2.02935856e+00
1.85350000e+06 1.98726837e+00
1.85600000e+06 1.95829906e+00
1.85900000e+06 1.93679712e+00
1.86400000e+06 1.92458567e+00
1.86700000e+06 1.93005188e+00
1.87000000e+06 1.94392918e+00
1.87300000e+06 1.96886955e+00
1.87600000e+06 2.00460107e+00
1.87800000e+06 2.03659066e+00
1.88000000e+06 2.07610202e+00
1.88200000e+06 2.12426002e+00
1.88400000e+06 2.18243122e+00
1.88600000e+06 2.25207645e+00
1.88800000e+06 2.33456926e+00
1.89000000e+06 2.43086832e+00
1.89200000e+06 2.54110478e+00
1.89800000e+06 2.92002936e+00
1.90000000e+06 3.03432266e+00
1.90200000e+06 3.12070054e+00
1.90400000e+06 3.16641045e+00
1.90600000e+06 3.16465971e+00
1.90800000e+06 3.11709858e+00
1.91000000e+06 3.03285669e+00
1.91200000e+06 2.92490648e+00
1.91700000e+06 2.62893142e+00
1.92000000e+06 2.46695668e+00
1.92200000e+06 2.37258113e+00
1.92400000e+06 2.28903601e+00
1.92600000e+06 2.21556885e+00
1.92800000e+06 2.15118425e+00
1.93000000e+06 2.09487652e+00
1.93300000e+06 2.02357732e+00
1.93600000e+06 1.96359995e+00
1.94000000e+06 1.89932033e+00
1.94400000e+06 1.84800389e+00
1.95000000e+06 1.78827448e+00
1.95500000e+06 1.74959989e+00
1.96000000e+06 1.71806896e+00
1.96750000e+06 1.68054343e+00
1.97750000e+06 1.64143254e+00
1.99000000e+06 1.60389058e+00
2.00000000e+06 1.57966617e+00
2.02000000e+06 1.53981542e+00
2.10835510e+06 1.40387097e+00
2.12000000e+06 1.38646725e+00
2.16000000e+06 1.31600658e+00
2.18000000e+06 1.27252432e+00
2.20000000e+06 1.21973414e+00
2.21000000e+06 1.18847527e+00
2.22000000e+06 1.15294504e+00
2.23000000e+06 1.11219073e+00
2.24000000e+06 1.06502619e+00
2.25000000e+06 1.01003353e+00
2.26000000e+06 9.45573298e-01
2.27000000e+06 8.69887259e-01
2.28000000e+06 7.81357266e-01
2.29000000e+06 6.79070424e-01
2.30000000e+06 5.63845874e-01
2.32000000e+06 3.16006132e-01
2.33000000e+06 2.07133942e-01
2.33500000e+06 1.63929595e-01
2.34000000e+06 1.31271837e-01
2.34500000e+06 1.10778602e-01
2.35000000e+06 1.03452067e-01
2.35500000e+06 1.09450423e-01
2.36000000e+06 1.28068294e-01
2.36500000e+06 1.57854745e-01
2.37000000e+06 1.96893795e-01
2.38000000e+06 2.93428681e-01
2.40000000e+06 5.05905299e-01
2.41000000e+06 6.01981282e-01
2.42000000e+06 6.85853469e-01
2.43000000e+06 7.57154468e-01
2.44000000e+06 8.16847794e-01
2.45000000e+06 8.66410796e-01
2.46000000e+06 9.07399152e-01
2.47000000e+06 9.41248027e-01
2.48000000e+06 9.69199787e-01
2.49000000e+06 9.92295620e-01
2.50000000e+06 1.01138274e+00
2.51500000e+06 1.03372316e+00
2.53000000e+06 1.05104085e+00
2.55000000e+06 1.06727849e+00
2.58000000e+06 1.08211847e+00
2.61000000e+06 1.08942735e+00
2.66000000e+06 1.09341506e+00
2.76000000e+06 1.09104026e+00
2.82000000e+06 1.09447724e+00
2.86000000e+06 1.10550307e+00
2.88050000e+06 1.12890571e+00
2.88300000e+06 1.13994774e+00
2.88475000e+06 1.15536466e+00
2.88587500e+06 1.17433158e+00
2.88643750e+06 1.19256332e+00
2.88687500e+06 1.20950090e+00
2.88712500e+06 1.22692596e+00
2.88761914e+06 1.27665004e+00
2.88774219e+06 1.29323205e+00
2.88785938e+06 1.31599496e+00
2.88793750e+06 1.33758639e+00
2.88802969e+06 1.37167976e+00
2.88810625e+06 1.40736056e+00
2.88819531e+06 1.45615444e+00
2.88831250e+06 1.52895204e+00
2.88843125e+06 1.61050238e+00
2.88852500e+06 1.68346169e+00
2.88860000e+06 1.75246989e+00
2.88865625e+06 1.81389174e+00
2.88872188e+06 1.89877320e+00
2.88877188e+06 1.97326287e+00
2.88891836e+06 2.21353789e+00
2.88896016e+06 2.27304851e+00
2.88899688e+06 2.31460906e+00
2.88903125e+06 2.34100131e+00
2.88906250e+06 2.35214403e+00
2.88907500e+06 2.35277747e+00
2.88909981e+06 2.34712474e+00
2.88912442e+06 2.33210799e+00
2.88915039e+06 2.30592976e+00
2.88917813e+06 2.26647037e+00
2.88920859e+06 2.21020528e+00
2.88923750e+06 2.14561682e+00
2.88926875e+06 2.06550620e+00
2.88931328e+06 1.93789472e+00
2.88941250e+06 1.63526197e+00
2.88944844e+06 1.53182788e+00
2.88949062e+06 1.42093355e+00
2.88952344e+06 1.34430443e+00
2.88955000e+06 1.28899903e+00
2.88957500e+06 1.24254722e+00
2.88960000e+06 1.20143989e+00
2.88962500e+06 1.16545954e+00
2.88965156e+06 1.13249155e+00
2.88968281e+06 1.10002321e+00
2.88971641e+06 1.07181557e+00
2.88975234e+06 1.04812906e+00
2.88979531e+06 1.02689595e+00
2.88984688e+06 1.00910774e+00
2.88991250e+06 9.94806866e-01
2.88997812e+06 9.86475955e-01
2.89008521e+06 9.80328764e-01
2.89016704e+06 9.79368900e-01
2.89034442e+06 9.82683081e-01
2.89200000e+06 1.04296126e+00
2.89400000e+06 1.07059448e+00
2.89600000e+06 1.08287215e+00
2.90000000e+06 1.09494769e+00
2.90750000e+06 1.10596059e+00
2.95500000e+06 1.15053248e+00
2.97750000e+06 1.17942493e+00
2.99000000e+06 1.20107170e+00
2.99500000e+06 1.21275213e+00
3.00050000e+06 1.23284241e+00
3.00250000e+06 1.24718155e+00
3.00400000e+06 1.26781683e+00
3.00493750e+06 1.29669227e+00
3.00531250e+06 1.32150940e+00
3.00573047e+06 1.35628782e+00
3.00589453e+06 1.37638294e+00
3.00602344e+06 1.39924725e+00
3.00613770e+06 1.42613557e+00
3.00624219e+06 1.45700297e+00
3.00630859e+06 1.48084529e+00
3.00639844e+06 1.52124818e+00
3.00646719e+06 1.56172805e+00
3.00652344e+06 1.60363003e+00
3.00657500e+06 1.65089581e+00
3.00662500e+06 1.70627832e+00
3.00667188e+06 1.76759672e+00
3.00671250e+06 1.82823000e+00
3.00676875e+06 1.92263073e+00
3.00690586e+06 2.17519224e+00
3.00695703e+06 2.25833555e+00
3.00699688e+06 2.30984051e+00
3.00703125e+06 2.34133156e+00
3.00706602e+06 2.35841901e+00
3.00708203e+06 2.36076801e+00
3.00711895e+06 2.35209469e+00
3.00714531e+06 2.33364728e+00
3.00717344e+06 2.30291981e+00
3.00720000e+06 2.26400200e+00
3.00723750e+06 2.19447180e+00
3.00726875e+06 2.12569594e+00
3.00732188e+06 1.99329074e+00
3.00741016e+06 1.76007441e+00
3.00745469e+06 1.64984230e+00
3.00749590e+06 1.55778962e+00
3.00752578e+06 1.49828117e+00
3.00755469e+06 1.44689484e+00
3.00759375e+06 1.38709764e+00
3.00762109e+06 1.35153889e+00
3.00765625e+06 1.31278507e+00
3.00769141e+06 1.28096065e+00
3.00774219e+06 1.24509567e+00
3.00778906e+06 1.22024337e+00
3.00784766e+06 1.19720412e+00
3.00791016e+06 1.17950106e+00
3.00800293e+06 1.16199392e+00
3.00809947e+06 1.15160671e+00
3.00818695e+06 1.14728397e+00
3.00829987e+06 1.14625390e+00
3.00886446e+06 1.15704891e+00
3.00999365e+06 1.18160968e+00
3.01110547e+06 1.19019043e+00
3.02000000e+06 1.23762258e+00
3.04500000e+06 1.30977465e+00
3.06000000e+06 1.35909053e+00
3.07000000e+06 1.39689807e+00
3.08000000e+06 1.43910028e+00
3.09000000e+06 1.48619352e+00
3.10000000e+06 1.53868363e+00
3.11000000e+06 1.59706631e+00
3.12000000e+06 1.66180904e+00
3.13000000e+06 1.73331930e+00
3.14000000e+06 1.81191125e+00
3.15000000e+06 1.89775518e+00
3.16000000e+06 1.99083377e+00
3.17000000e+06 2.09092554e+00
3.18000000e+06 2.19770428e+00
3.19000000e+06 2.31153059e+00
3.20100000e+06 2.45460276e+00
3.20400000e+06 2.50926233e+00
3.20550000e+06 2.54888807e+00
3.20687500e+06 2.60288149e+00
3.20800000e+06 2.68276727e+00
3.20887500e+06 2.79367911e+00
3.20909375e+06 2.83342458e+00
3.20937500e+06 2.90046943e+00
3.20950000e+06 2.93784888e+00
3.20975000e+06 3.02988840e+00
3.20993750e+06 3.11654682e+00
3.21006250e+06 3.18697830e+00
3.21025000e+06 3.31393281e+00
3.21037500e+06 3.41511826e+00
3.21048438e+06 3.51849101e+00
3.21062109e+06 3.66905735e+00
3.21075000e+06 3.83124298e+00
3.21089062e+06 4.02804696e+00
3.21106250e+06 4.29235760e+00
3.21131250e+06 4.68980527e+00
3.21140625e+06 4.81835918e+00
3.21150000e+06 4.92103881e+00
3.21159375e+06 4.99286909e+00
3.21167188e+06 5.02838250e+00
3.21176562e+06 5.04255501e+00
3.21184766e+06 5.02952870e+00
3.21192969e+06 4.99142558e+00
3.21200000e+06 4.93782337e+00
3.21209375e+06 4.83716077e+00
3.21218750e+06 4.70839283e+00
3.21234375e+06 4.45824974e+00
3.21256641e+06 4.09580932e+00
3.21269922e+06 3.89780176e+00
3.21282812e+06 3.72330441e+00
3.21294531e+06 3.58196213e+00
3.21304883e+06 3.47258904e+00
3.21316406e+06 3.36766537e+00
3.21330273e+06 3.26066709e+00
3.21343750e+06 3.17299253e+00
3.21357812e+06 3.09702347e+00
3.21374219e+06 3.02500665e+00
3.21391406e+06 2.96470747e+00
3.21409375e+06 2.91638051e+00
3.21446875e+06 2.84461314e+00
3.21493750e+06 2.77478807e+00
3.21550000e+06 2.72737803e+00
3.21600000e+06 2.70106001e+00
3.21800000e+06 2.66490776e+00
3.22025000e+06 2.66756268e+00
3.23000000e+06 2.75437512e+00
3.24500000e+06 2.90119627e+00
3.26000000e+06 3.03000264e+00
3.27000000e+06 3.09978803e+00
3.28000000e+06 3.15613837e+00
3.29000000e+06 3.19899984e+00
3.30000000e+06 3.22896637e+00
3.31000000e+06 3.24717603e+00
3.32000000e+06 3.25509523e+00
3.34000000e+06 3.24458901e+00
3.36000000e+06 3.21907116e+00
3.43200000e+06 3.09745093e+00
3.43575000e+06 3.10843996e+00
3.43600000e+06 3.11515211e+00
3.43731836e+06 3.20607868e+00
3.43775781e+06 3.24177805e+00
3.43787500e+06 3.26333014e+00
3.43800000e+06 3.30532730e+00
3.43810000e+06 3.36188862e+00
3.43817500e+06 3.42406561e+00
3.43825000e+06 3.50864691e+00
3.43830625e+06 3.58985817e+00
3.43837500e+06 3.71280365e+00
3.43845000e+06 3.87851660e+00
3.43851250e+06 4.04052812e+00
3.43860312e+06 4.30395362e+00
3.43870312e+06 4.60471269e+00
3.43877500e+06 4.80067655e+00
3.43882812e+06 4.92086117e+00
3.43887500e+06 5.00274036e+00
3.43893125e+06 5.06556620e+00
3.43898672e+06 5.08676099e+00
3.43902188e+06 5.07936674e+00
3.43906875e+06 5.04616813e+00
3.43911875e+06 4.98512932e+00
3.43919062e+06 4.86234690e+00
3.43940625e+06 4.41249338e+00
3.43947500e+06 4.28603192e+00
3.43955000e+06 4.16980392e+00
3.43962500e+06 4.07743645e+00
3.43970625e+06 4.00273517e+00
3.43980000e+06 3.94520196e+00
3.43990703e+06 3.91058372e+00
3.43997812e+06 3.90281234e+00
3.44007656e+06 3.90902666e+00
3.44021328e+06 3.94496619e+00
3.44032812e+06 3.99652409e+00
3.44045312e+06 4.07683584e+00
3.44054688e+06 4.15623768e+00
3.44067188e+06 4.28778683e+00
3.44080078e+06 4.45049697e+00
3.44090625e+06 4.60162540e+00
3.44126562e+06 5.17744693e+00
3.44134766e+06 5.28831551e+00
3.44141016e+06 5.35417182e+00
3.44149219e+06 5.40900150e+00
3.44155078e+06 5.42378150e+00
3.44161914e+06 5.41527692e+00
3.44168750e+06 5.38139919e+00
3.44178125e+06 5.30092318e+00
3.44187500e+06 5.19056210e+00
3.44200000e+06 5.01072630e+00
3.44212500e+06 4.80581855e+00
3.44242188e+06 4.29734522e+00
3.44251562e+06 4.15629746e+00
3.44261719e+06 4.02294428e+00
3.44274219e+06 3.88505151e+00
3.44289062e+06 3.75144451e+00
3.44301562e+06 3.65997393e+00
3.44315625e+06 3.57757463e+00
3.44334375e+06 3.49196921e+00
3.44353125e+06 3.42664069e+00
3.44378125e+06 3.36306821e+00
3.44409375e+06 3.30653560e+00
3.44450000e+06 3.25590045e+00
3.44500000e+06 3.21602155e+00
3.44600000e+06 3.17091826e+00
3.44750000e+06 3.13836363e+00
3.45000000e+06 3.11453239e+00
3.46000000e+06 3.08833569e+00
3.48000000e+06 3.07602412e+00
3.50000000e+06 3.07550127e+00
3.60000000e+06 3.11122923e+00
3.64134375e+06 3.09605016e+00
3.64200000e+06 3.09715643e+00
3.71000000e+06 3.01767816e+00
3.72000000e+06 3.02241233e+00
3.73000000e+06 3.05511032e+00
3.74000000e+06 3.16071013e+00
3.74900000e+06 3.43766302e+00
3.75100000e+06 3.55203275e+00
3.75300000e+06 3.70397321e+00
3.75500000e+06 3.90252532e+00
3.75700000e+06 4.16045984e+00
3.75900000e+06 4.48823556e+00
3.76100000e+06 4.88291078e+00
3.76300000e+06 5.30698308e+00
3.76500000e+06 5.66735970e+00
3.76700000e+06 5.83409282e+00
3.76900000e+06 5.72783514e+00
3.77100000e+06 5.39487127e+00
3.77500000e+06 4.53579523e+00
3.77700000e+06 4.17136165e+00
3.77900000e+06 3.87849267e+00
3.78100000e+06 3.64881823e+00
3.78300000e+06 3.46949201e+00
3.78500000e+06 3.32859587e+00
3.78700000e+06 3.21660981e+00
3.78900000e+06 3.12635734e+00
3.79100000e+06 3.05254758e+00
3.79300000e+06 2.99144306e+00
3.79600000e+06 2.91774978e+00
3.79900000e+06 2.85844254e+00
3.81000000e+06 2.71427207e+00
3.82000000e+06 2.63122738e+00
3.83000000e+06 2.56876409e+00
3.84500000e+06 2.49510627e+00
3.86500000e+06 2.41571591e+00
3.88500000e+06 2.35160630e+00
3.91000000e+06 2.28828854e+00
3.97500000e+06 2.17269096e+00
3.99000000e+06 2.13070445e+00
4.00000000e+06 2.08446649e+00
4.01000000e+06 2.01303154e+00
4.02000000e+06 1.90408302e+00
4.03000000e+06 1.74934399e+00
4.04000000e+06 1.56064153e+00
4.05000000e+06 1.38037613e+00
4.06000000e+06 1.25401253e+00
4.07000000e+06 1.18941799e+00
4.08000000e+06 1.16329140e+00
4.09500000e+06 1.14734747e+00
4.11000000e+06 1.13871975e+00
4.12000000e+06 1.14991585e+00
4.13000000e+06 1.19889114e+00
4.14000000e+06 1.31567512e+00
4.15000000e+06 1.51901584e+00
4.16000000e+06 1.77620534e+00
4.17000000e+06 1.99550142e+00
4.18000000e+06 2.10288020e+00
4.19000000e+06 2.09946030e+00
4.20000000e+06 2.02684193e+00
4.21000000e+06 1.92218330e+00
4.24000000e+06 1.57766061e+00
4.25000000e+06 1.47251048e+00
4.26000000e+06 1.38223281e+00
4.27000000e+06 1.32474307e+00
4.27500000e+06 1.32072819e+00
4.28000000e+06 1.34593144e+00
4.28500000e+06 1.41438687e+00
4.29000000e+06 1.54278916e+00
4.29500000e+06 1.74301259e+00
4.30000000e+06 2.00824132e+00
4.30500000e+06 2.30318643e+00
4.31000000e+06 2.57561059e+00
4.31500000e+06 2.78313979e+00
4.32000000e+06 2.90881284e+00
4.32500000e+06 2.95795149e+00
4.33000000e+06 2.94766032e+00
4.33500000e+06 2.89759825e+00
4.34000000e+06 2.82461105e+00
4.36000000e+06 2.48955942e+00
4.37000000e+06 2.34504224e+00
4.38000000e+06 2.22257297e+00
4.39000000e+06 2.11961363e+00
4.40000000e+06 2.03314654e+00
4.41000000e+06 1.96083656e+00
4.42000000e+06 1.90141858e+00
4.43000000e+06 1.85505133e+00
4.43750000e+06 1.83056249e+00
4.45150000e+06 1.80073038e+00
4.45400000e+06 1.78549076e+00
4.45550000e+06 1.76713705e+00
4.45650000e+06 1.74840548e+00
4.45775000e+06 1.71476611e+00
4.45900000e+06 1.66593873e+00
4.46000000e+06 1.61387089e+00
4.46100000e+06 1.55043474e+00
4.46387500e+06 1.34468548e+00
4.46500000e+06 1.28080355e+00
4.46600000e+06 1.24095012e+00
4.46700000e+06 1.21746665e+00
4.46800000e+06 1.20788007e+00
4.46925000e+06 1.20999253e+00
4.47050000e+06 1.22049465e+00
4.47550000e+06 1.28051281e+00
4.47850000e+06 1.30787257e+00
4.48150000e+06 1.32637231e+00
4.48550000e+06 1.34050522e+00
4.49000000e+06 1.34645848e+00
4.49500000e+06 1.34479941e+00
4.50000000e+06 1.33712526e+00
4.51575000e+06 1.29780708e+00
4.51725000e+06 1.30099084e+00
4.51875000e+06 1.31175956e+00
4.51987500e+06 1.33037156e+00
4.52100000e+06 1.36723086e+00
4.52187500e+06 1.41573123e+00
4.52200000e+06 1.42514890e+00
4.52275000e+06 1.49711134e+00
4.52300000e+06 1.52783468e+00
4.52325000e+06 1.56560201e+00
4.52371875e+06 1.64861644e+00
4.52396875e+06 1.70101098e+00
4.52406250e+06 1.72369323e+00
4.52450000e+06 1.84467730e+00
4.52487500e+06 1.96079092e+00
4.52512500e+06 2.04976548e+00
4.52600000e+06 2.39819382e+00
4.52660938e+06 2.62323592e+00
4.52687500e+06 2.70657393e+00
4.52706250e+06 2.74906317e+00
4.52725000e+06 2.77504778e+00
4.52760156e+06 2.79892845e+00
4.52780664e+06 2.80473846e+00
4.52801172e+06 2.79646953e+00
4.52818750e+06 2.77558086e+00
4.52864453e+06 2.68888686e+00
4.52902344e+06 2.60582237e+00
4.53000000e+06 2.36820131e+00
4.53093750e+06 2.16609248e+00
4.53143750e+06 2.07933844e+00
4.53200000e+06 1.99224391e+00
4.53300000e+06 1.87327655e+00
4.53400000e+06 1.78397521e+00
4.53500000e+06 1.71619296e+00
4.53600000e+06 1.66357154e+00
4.53700000e+06 1.62178860e+00
4.53800000e+06 1.58808013e+00
4.53950000e+06 1.54827463e+00
4.54150000e+06 1.50789296e+00
4.54400000e+06 1.47069116e+00
4.54700000e+06 1.43804567e+00
4.55000000e+06 1.41330111e+00
4.55500000e+06 1.38209617e+00
4.56000000e+06 1.35820918e+00
4.56750000e+06 1.33053713e+00
4.57500000e+06 1.30856159e+00
4.58000000e+06 1.29780843e+00
4.58500000e+06 1.29338982e+00
4.58700000e+06 1.29721301e+00
4.58900000e+06 1.30859603e+00
4.59000000e+06 1.32289561e+00
4.59100000e+06 1.35105730e+00
4.59165625e+06 1.38470133e+00
4.59196875e+06 1.40929745e+00
4.59222656e+06 1.43996364e+00
4.59258594e+06 1.49252798e+00
4.59285938e+06 1.54006837e+00
4.59300625e+06 1.57349328e+00
4.59314062e+06 1.61247568e+00
4.59326875e+06 1.65926000e+00
4.59339062e+06 1.71435935e+00
4.59350000e+06 1.77444982e+00
4.59360000e+06 1.84001432e+00
4.59370000e+06 1.91763833e+00
4.59379375e+06 2.00326704e+00
4.59387500e+06 2.08909030e+00
4.59395000e+06 2.17898971e+00
4.59402500e+06 2.27986731e+00
4.59410000e+06 2.39198563e+00
4.59417500e+06 2.51494350e+00
4.59430000e+06 2.73986499e+00
4.59450000e+06 3.11672878e+00
4.59458750e+06 3.26603722e+00
4.59466250e+06 3.37430923e+00
4.59472500e+06 3.44508050e+00
4.59477500e+06 3.48628383e+00
4.59482500e+06 3.51218619e+00
4.59487500e+06 3.52183185e+00
4.59492500e+06 3.51482986e+00
4.59497500e+06 3.49137819e+00
4.59502500e+06 3.45224266e+00
4.59509375e+06 3.37523601e+00
4.59515000e+06 3.29515323e+00
4.59522500e+06 3.17001161e+00
4.59534453e+06 2.94465800e+00
4.59551250e+06 2.61926058e+00
4.59562500e+06 2.41856461e+00
4.59570000e+06 2.29782951e+00
4.59577500e+06 2.18875820e+00
4.59585000e+06 2.09137957e+00
4.59592500e+06 2.00515692e+00
4.59600625e+06 1.92330901e+00
4.59610000e+06 1.84208119e+00
4.59620000e+06 1.76879728e+00
4.59630000e+06 1.70709713e+00
4.59641250e+06 1.64906708e+00
4.59653125e+06 1.59835090e+00
4.59664375e+06 1.55846081e+00
4.59677500e+06 1.52021977e+00
4.59692969e+06 1.48452466e+00
4.59711797e+06 1.45164872e+00
4.59742188e+06 1.41242863e+00
4.59774609e+06 1.37737051e+00
4.59800000e+06 1.35540670e+00
4.59825000e+06 1.34062752e+00
4.60000000e+06 1.28397220e+00
4.60200000e+06 1.25940307e+00
4.60400000e+06 1.24815175e+00
4.60800000e+06 1.23722134e+00
4.61375000e+06 1.23243896e+00
4.61843750e+06 1.23957359e+00
4.62000000e+06 1.24570001e+00
4.62200000e+06 1.25987364e+00
4.62400000e+06 1.28515896e+00
4.62600000e+06 1.32960656e+00
4.62675000e+06 1.35400978e+00
4.62750000e+06 1.38504275e+00
4.62850000e+06 1.43568972e+00
4.63000000e+06 1.51908178e+00
4.63050000e+06 1.53974067e+00
4.63112500e+06 1.55186429e+00
4.63156250e+06 1.54828623e+00
4.63200000e+06 1.53365343e+00
4.63250000e+06 1.50525513e+00
4.63425000e+06 1.37068142e+00
4.63500000e+06 1.31926619e+00
4.63575000e+06 1.27778020e+00
4.63650000e+06 1.24539700e+00
4.63725000e+06 1.22064261e+00
4.63800000e+06 1.20205827e+00
4.64000000e+06 1.16969767e+00
4.64500000e+06 1.13353748e+00
4.65000000e+06 1.11654990e+00
4.66000000e+06 1.09398597e+00
4.72500000e+06 9.70845685e-01
4.75000000e+06 9.29924347e-01
4.76000000e+06 9.18842206e-01
4.77000000e+06 9.15029056e-01
4.77500000e+06 9.17735836e-01
4.78000000e+06 9.25244108e-01
4.78500000e+06 9.39381478e-01
4.79000000e+06 9.62749121e-01
4.79500000e+06 9.98883213e-01
4.80000000e+06 1.05237106e+00
4.80500000e+06 1.12861460e+00
4.81000000e+06 1.23267415e+00
4.81500000e+06 1.36643895e+00
4.82500000e+06 1.68496026e+00
4.83000000e+06 1.82113494e+00
4.83500000e+06 1.90455319e+00
4.84000000e+06 1.92486678e+00
4.84500000e+06 1.89172225e+00
4.85000000e+06 1.82463940e+00
4.86500000e+06 1.57509827e+00
4.87000000e+06 1.50032512e+00
4.87500000e+06 1.43317198e+00
4.88000000e+06 1.37329458e+00
4.88500000e+06 1.31994186e+00
4.89000000e+06 1.27225149e+00
4.89500000e+06 1.22941790e+00
4.90250000e+06 1.17291930e+00
4.91000000e+06 1.12283400e+00
4.92000000e+06 1.06483708e+00
4.93000000e+06 1.01392166e+00
4.94250000e+06 9.57634029e-01
4.95000000e+06 9.26770871e-01
4.96000000e+06 8.89005601e-01
4.97000000e+06 8.55151903e-01
4.98000000e+06 8.26267793e-01
4.99000000e+06 8.04551401e-01
5.00000000e+06 7.93788579e-01
5.01000000e+06 7.99771621e-01
5.02000000e+06 8.30216066e-01
5.03000000e+06 8.93170343e-01
5.04000000e+06 9.92845200e-01
5.05000000e+06 1.12388088e+00
5.07000000e+06 1.41105972e+00
5.09000000e+06 1.67336505e+00
5.10000000e+06 1.86940517e+00
5.10300000e+06 1.95915466e+00
5.10500000e+06 2.03357203e+00
5.10700000e+06 2.12275071e+00
5.10900000e+06 2.22956445e+00
5.11100000e+06 2.35708169e+00
5.11300000e+06 2.50750500e+00
5.11500000e+06 2.68057758e+00
5.11900000e+06 3.06256971e+00
5.12100000e+06 3.23159155e+00
5.12300000e+06 3.34476556e+00
5.12500000e+06 3.37321239e+00
5.12700000e+06 3.30721968e+00
5.12900000e+06 3.16216326e+00
5.13100000e+06 2.96977408e+00
5.13500000e+06 2.56274317e+00
5.13700000e+06 2.38411661e+00
5.13900000e+06 2.22998090e+00
5.14100000e+06 2.09977648e+00
5.14300000e+06 1.99079061e+00
5.14500000e+06 1.89974251e+00
5.14700000e+06 1.82373113e+00
5.15000000e+06 1.73232546e+00
5.16000000e+06 1.54017583e+00
5.17000000e+06 1.43560401e+00
5.18000000e+06 1.36903964e+00
5.19000000e+06 1.32112124e+00
5.20000000e+06 1.28358234e+00
5.21000000e+06 1.25245298e+00
5.23000000e+06 1.20117853e+00
5.24000000e+06 1.17077857e+00
5.25000000e+06 1.16248439e+00
5.27500000e+06 1.11850591e+00
5.30200000e+06 1.07697916e+00
5.30401562e+06 1.08304091e+00
5.30468750e+06 1.09031715e+00
5.30500000e+06 1.09764885e+00
5.30546875e+06 1.11649606e+00
5.30571875e+06 1.13157037e+00
5.30586719e+06 1.14575313e+00
5.30599219e+06 1.16281084e+00
5.30612500e+06 1.18677510e+00
5.30627734e+06 1.22071402e+00
5.30651270e+06 1.28253274e+00
5.30666016e+06 1.32718774e+00
5.30680274e+06 1.37831800e+00
5.30690625e+06 1.42320906e+00
5.30700000e+06 1.47105704e+00
5.30709375e+06 1.52614295e+00
5.30721094e+06 1.60413243e+00
5.30736719e+06 1.71883788e+00
5.30753906e+06 1.84880868e+00
5.30767188e+06 1.94139301e+00
5.30775195e+06 1.98831392e+00
5.30784766e+06 2.03031335e+00
5.30792969e+06 2.05067820e+00
5.30800000e+06 2.05495519e+00
5.30806250e+06 2.04811067e+00
5.30812500e+06 2.03151285e+00
5.30820312e+06 1.99831235e+00
5.30828320e+06 1.95232619e+00
5.30838281e+06 1.88290475e+00
5.30854883e+06 1.75173101e+00
5.30871484e+06 1.61875820e+00
5.30882812e+06 1.53505091e+00
5.30893750e+06 1.46418811e+00
5.30903125e+06 1.41314755e+00
5.30913281e+06 1.36842182e+00
5.30922852e+06 1.33531038e+00
5.30935986e+06 1.30053937e+00
5.30951441e+06 1.26909166e+00
5.30975391e+06 1.22892515e+00
5.31000000e+06 1.19623661e+00
5.31018750e+06 1.17862456e+00
5.31050781e+06 1.15851208e+00
5.31100000e+06 1.13635017e+00
5.31200000e+06 1.11094651e+00
5.31300000e+06 1.09700177e+00
5.31450000e+06 1.08499322e+00
5.31600000e+06 1.07727771e+00
5.32000000e+06 1.06446610e+00
5.34000000e+06 1.02271645e+00
5.35000000e+06 9.95407059e-01
5.35500000e+06 9.75265071e-01
5.36150000e+06 9.40840396e-01
5.36268750e+06 9.38965648e-01
5.36376562e+06 9.46724971e-01
5.36429688e+06 9.56661126e-01
5.36464062e+06 9.68329320e-01
5.36497656e+06 9.84742979e-01
5.36526562e+06 1.00383387e+00
5.36550781e+06 1.02495234e+00
5.36573438e+06 1.04991079e+00
5.36593750e+06 1.07742809e+00
5.36612500e+06 1.10802483e+00
5.36630469e+06 1.14260687e+00
5.36646875e+06 1.17925637e+00
5.36663281e+06 1.22126394e+00
5.36681250e+06 1.27362131e+00
5.36700000e+06 1.33542760e+00
5.36721875e+06 1.41641404e+00
5.36749219e+06 1.52709968e+00
5.36793750e+06 1.71195743e+00
5.36812500e+06 1.78311645e+00
5.36834375e+06 1.85451346e+00
5.36850000e+06 1.89511985e+00
5.36865625e+06 1.92517235e+00
5.36884375e+06 1.94730229e+00
5.36900000e+06 1.95443160e+00
5.36916406e+06 1.95140719e+00
5.36932812e+06 1.93919854e+00
5.36953125e+06 1.91419800e+00
5.36975000e+06 1.87819819e+00
5.37087500e+06 1.65910996e+00
5.37137500e+06 1.57466447e+00
5.37175000e+06 1.52135765e+00
5.37200000e+06 1.48914385e+00
5.37250000e+06 1.43418281e+00
5.37300000e+06 1.38912563e+00
5.37350000e+06 1.35221654e+00
5.37425000e+06 1.30784384e+00
5.37493750e+06 1.27703996e+00
5.38000000e+06 1.15942362e+00
5.38500000e+06 1.11283377e+00
5.39000000e+06 1.08826030e+00
5.39500000e+06 1.07265767e+00
5.40000000e+06 1.06167057e+00
5.41000000e+06 1.04683635e+00
5.42000000e+06 1.03726420e+00
5.43500000e+06 1.02896035e+00
5.45000000e+06 1.02530147e+00
5.46500000e+06 1.02700080e+00
5.48000000e+06 1.03350884e+00
5.49000000e+06 1.04155359e+00
5.50000000e+06 1.05300956e+00
5.51000000e+06 1.06851738e+00
5.52000000e+06 1.08890668e+00
5.53000000e+06 1.11521498e+00
5.54000000e+06 1.14871082e+00
5.55000000e+06 1.19091772e+00
5.56000000e+06 1.24359176e+00
5.57000000e+06 1.30862932e+00
5.58000000e+06 1.38780370e+00
5.59000000e+06 1.48218319e+00
5.60200000e+06 1.61381008e+00
5.61700000e+06 1.78787978e+00
5.62300000e+06 1.84694469e+00
5.62700000e+06 1.87710027e+00
5.63100000e+06 1.89667032e+00
5.63400000e+06 1.90319593e+00
5.63800000e+06 1.89927214e+00
5.64200000e+06 1.88212033e+00
5.65500000e+06 1.78722014e+00
5.65900000e+06 1.76766623e+00
5.66200000e+06 1.76219526e+00
5.66400000e+06 1.76568687e+00
5.66600000e+06 1.77778395e+00
5.66800000e+06 1.80391957e+00
5.67000000e+06 1.85661881e+00
5.67175000e+06 1.94707408e+00
5.67200000e+06 1.96714846e+00
5.67250000e+06 2.02251901e+00
5.67370312e+06 2.18110449e+00
5.67396875e+06 2.22925954e+00
5.67421875e+06 2.28976421e+00
5.67468945e+06 2.42720337e+00
5.67563281e+06 2.71165849e+00
5.67587500e+06 2.76807406e+00
5.67606250e+06 2.79297089e+00
5.67620410e+06 2.79889874e+00
5.67646613e+06 2.78953751e+00
5.67760156e+06 2.69358214e+00
5.67781250e+06 2.66660368e+00
5.67800000e+06 2.63073307e+00
5.67815625e+06 2.58982211e+00
5.67844531e+06 2.49467687e+00
5.67961719e+06 2.06247784e+00
5.67987500e+06 1.97840453e+00
5.68007812e+06 1.92684728e+00
5.68025000e+06 1.89553881e+00
5.68070703e+06 1.83834955e+00
5.68167188e+06 1.73188831e+00
5.68206250e+06 1.69884735e+00
5.68306250e+06 1.66018490e+00
5.68400000e+06 1.62814444e+00
5.68600000e+06 1.59772876e+00
5.68800000e+06 1.58294643e+00
5.69300000e+06 1.56400506e+00
5.70500000e+06 1.52671977e+00
5.71500000e+06 1.49025951e+00
5.75500000e+06 1.32546871e+00
5.77000000e+06 1.26932325e+00
5.78500000e+06 1.22001004e+00
5.80000000e+06 1.17640651e+00
5.81500000e+06 1.13980623e+00
5.83000000e+06 1.10923056e+00
5.84000000e+06 1.09349765e+00
5.85250000e+06 1.08085299e+00
5.86000000e+06 1.07830249e+00
5.86500000e+06 1.08012481e+00
5.87000000e+06 1.08580386e+00
5.87500000e+06 1.09687201e+00
5.88000000e+06 1.11579249e+00
5.88500000e+06 1.14658808e+00
5.89000000e+06 1.19604301e+00
5.89500000e+06 1.27583744e+00
5.90000000e+06 1.40581562e+00
5.90500000e+06 1.61542035e+00
5.91000000e+06 1.92396997e+00
5.91500000e+06 2.25308102e+00
5.91700000e+06 2.33173407e+00
5.91900000e+06 2.34823522e+00
5.92068750e+06 2.30966336e+00
5.92125000e+06 2.28614843e+00
5.92500000e+06 2.05717651e+00
5.93000000e+06 1.70430928e+00
5.93500000e+06 1.43262484e+00
5.94000000e+06 1.24937820e+00
5.94500000e+06 1.12557652e+00
5.95000000e+06 1.03751321e+00
5.95500000e+06 9.70382137e-01
5.96100000e+06 9.05039151e-01
5.96800000e+06 8.38207756e-01
5.97700000e+06 7.58129472e-01
5.98000000e+06 7.36359427e-01
5.98200000e+06 7.27904577e-01
5.98400000e+06 7.29747370e-01
5.98600000e+06 7.50954235e-01
5.98731250e+06 7.84427193e-01
5.98787500e+06 8.00993844e-01
5.98800000e+06 8.06206580e-01
5.98900000e+06 8.58396376e-01
5.98987500e+06 9.10415008e-01
5.99012500e+06 9.29359160e-01
5.99150000e+06 1.05702309e+00
5.99200000e+06 1.10841278e+00
5.99400000e+06 1.34614265e+00
5.99575000e+06 1.53391214e+00
5.99600000e+06 1.55509094e+00
5.99700000e+06 1.61382698e+00
5.99800000e+06 1.65827448e+00
5.99825000e+06 1.66313741e+00
5.99989062e+06 1.65923421e+00
6.00012500e+06 1.65542447e+00
6.00200000e+06 1.60073332e+00
6.00600000e+06 1.45374987e+00
6.00800000e+06 1.38871760e+00
6.01000000e+06 1.33289796e+00
6.01200000e+06 1.28542414e+00
6.01400000e+06 1.24499461e+00
6.01600000e+06 1.21034395e+00
6.01800000e+06 1.18046407e+00
6.02100000e+06 1.14274739e+00
6.02400000e+06 1.11092216e+00
6.02800000e+06 1.07608958e+00
6.03300000e+06 1.04094131e+00
6.03800000e+06 1.01212197e+00
6.04400000e+06 9.83901881e-01
6.05000000e+06 9.61520890e-01
6.05500000e+06 9.48437696e-01
6.05800000e+06 9.44398102e-01
6.06000000e+06 9.44796806e-01
6.06200000e+06 9.49310227e-01
6.06400000e+06 9.60804165e-01
6.06600000e+06 9.85194036e-01
6.06775000e+06 1.02671253e+00
6.06800000e+06 1.03560755e+00
6.06900000e+06 1.08513375e+00
6.07000000e+06 1.14415322e+00
6.07037500e+06 1.17506132e+00
6.07075000e+06 1.21428974e+00
6.07112500e+06 1.26169020e+00
6.07150000e+06 1.31817676e+00
6.07178125e+06 1.36762457e+00
6.07200000e+06 1.41131612e+00
6.07225000e+06 1.46751763e+00
6.07250000e+06 1.53080026e+00
6.07275000e+06 1.60174739e+00
6.07300000e+06 1.68083881e+00
6.07331250e+06 1.79017123e+00
6.07371875e+06 1.94683267e+00
6.07437500e+06 2.20598895e+00
6.07462500e+06 2.29362812e+00
6.07481250e+06 2.34890512e+00
6.07496875e+06 2.38562621e+00
6.07515625e+06 2.41677393e+00
6.07534375e+06 2.43279040e+00
6.07543750e+06 2.43461240e+00
6.07559375e+06 2.42809270e+00
6.07575000e+06 2.41013877e+00
6.07593750e+06 2.37496676e+00
6.07612500e+06 2.32674621e+00
6.07637500e+06 2.24656853e+00
6.07678125e+06 2.09566883e+00
6.07737500e+06 1.86565760e+00
6.07768750e+06 1.75332150e+00
6.07800000e+06 1.65177310e+00
6.07825000e+06 1.57913025e+00
6.07850000e+06 1.51456782e+00
6.07881250e+06 1.44371646e+00
6.07909375e+06 1.38804853e+00
6.07937500e+06 1.33948329e+00
6.07962500e+06 1.30192822e+00
6.08000000e+06 1.25378172e+00
6.08037500e+06 1.21371839e+00
6.08087500e+06 1.17044808e+00
6.08137500e+06 1.13669453e+00
6.08187500e+06 1.11177964e+00
6.08275000e+06 1.08688130e+00
6.08350000e+06 1.06811576e+00
6.08425000e+06 1.05702174e+00
6.08565625e+06 1.05894248e+00
6.08612500e+06 1.06180174e+00
6.08800000e+06 1.09247127e+00
6.09200000e+06 1.18371346e+00
6.09400000e+06 1.21139572e+00
6.09600000e+06 1.21718679e+00
6.09800000e+06 1.20529953e+00
6.10000000e+06 1.18323870e+00
6.10500000e+06 1.11880391e+00
6.10800000e+06 1.08456784e+00
6.11100000e+06 1.05619772e+00
6.11500000e+06 1.02551882e+00
6.11900000e+06 1.00144465e+00
6.12400000e+06 9.78062064e-01
6.13000000e+06 9.57031945e-01
6.13750000e+06 9.37973658e-01
6.14750000e+06 9.19643602e-01
6.16000000e+06 9.03651001e-01
6.18000000e+06 8.86089720e-01
6.21000000e+06 8.67429115e-01
6.23500000e+06 8.57215578e-01
6.25500000e+06 8.53884791e-01
6.27375000e+06 8.56322873e-01
6.29250000e+06 8.64574970e-01
6.30750000e+06 8.76387803e-01
6.31750000e+06 8.88295820e-01
6.32500000e+06 9.01403756e-01
6.33250000e+06 9.20917883e-01
6.33750000e+06 9.37440841e-01
6.34500000e+06 9.68692707e-01
6.35000000e+06 9.95136495e-01
6.35500000e+06 1.02727336e+00
6.36100000e+06 1.07400914e+00
6.36500000e+06 1.11128251e+00
6.37000000e+06 1.16602650e+00
6.38200000e+06 1.31644270e+00
6.38500000e+06 1.34918724e+00
6.38800000e+06 1.37483379e+00
6.39100000e+06 1.39260552e+00
6.39387500e+06 1.39939745e+00
6.39593750e+06 1.39508181e+00
6.39800000e+06 1.38179314e+00
6.40000000e+06 1.36040402e+00
6.40200000e+06 1.33100121e+00
6.40400000e+06 1.29420989e+00
6.40650000e+06 1.23955801e+00
6.41500000e+06 1.02744774e+00
6.41800000e+06 9.56761642e-01
6.42000000e+06 9.13373736e-01
6.42200000e+06 8.73194620e-01
6.42500000e+06 8.18923456e-01
6.43000000e+06 7.45374797e-01
6.43500000e+06 6.91114894e-01
6.44000000e+06 6.51874432e-01
6.44500000e+06 6.22375033e-01
6.45000000e+06 6.00916240e-01
6.45500000e+06 5.85786374e-01
6.46000000e+06 5.74822365e-01
6.46750000e+06 5.63604552e-01
6.48000000e+06 5.47015147e-01
6.50000000e+06 5.29469342e-01
6.51000000e+06 5.18849205e-01
6.52000000e+06 5.10151439e-01
6.53000000e+06 5.03403768e-01
6.54000000e+06 5.02953655e-01
6.55000000e+06 5.11929417e-01
6.56000000e+06 5.33966668e-01
6.57000000e+06 5.70276401e-01
6.58000000e+06 6.11605835e-01
6.59000000e+06 6.47988388e-01
6.60000000e+06 6.90932716e-01
6.61000000e+06 7.30165467e-01
6.62000000e+06 7.60275788e-01
6.63000000e+06 7.81868253e-01
6.65050000e+06 8.13051078e-01
6.65800000e+06 8.39532020e-01
6.66800000e+06 8.84682926e-01
6.67000000e+06 8.88365950e-01
6.67175000e+06 8.85635465e-01
6.67350000e+06 8.77872876e-01
6.67850000e+06 8.44785881e-01
6.68100000e+06 8.32488763e-01
6.68450000e+06 8.22111392e-01
6.68950000e+06 8.15133801e-01
6.71000000e+06 8.04689097e-01
6.72250000e+06 8.09553808e-01
6.73500000e+06 8.19025478e-01
6.75000000e+06 8.34629281e-01
6.76000000e+06 8.50550415e-01
6.77000000e+06 8.74710574e-01
6.78000000e+06 9.14165589e-01
6.79000000e+06 9.81923509e-01
6.80000000e+06 1.09979588e+00
6.81000000e+06 1.27693920e+00
6.82000000e+06 1.33617704e+00
6.82375000e+06 1.24861969e+00
6.83000000e+06 1.09146949e+00
6.84000000e+06 8.62631364e-01
6.85000000e+06 7.63497973e-01
6.86000000e+06 7.17221775e-01
6.87000000e+06 6.89391863e-01
6.88000000e+06 6.68270247e-01
6.89000000e+06 6.57937053e-01
6.90000000e+06 6.55437841e-01
6.91000000e+06 6.55096135e-01
6.93000000e+06 6.59647243e-01
6.95000000e+06 6.58160608e-01
6.96000000e+06 6.59985652e-01
6.97000000e+06 6.65250356e-01
6.98000000e+06 6.74364448e-01
6.99000000e+06 6.85745499e-01
7.00000000e+06 6.99262134e-01
7.01000000e+06 7.16240519e-01
7.03000000e+06 7.45874387e-01
7.04000000e+06 7.64425483e-01
7.05000000e+06 7.79057728e-01
7.06000000e+06 7.86767075e-01
7.07250000e+06 7.73744385e-01
7.09250000e+06 7.45191464e-01
7.10000000e+06 7.35268703e-01
7.11000000e+06 7.26575461e-01
7.12500000e+06 7.17522029e-01
7.14000000e+06 6.72815907e-01
7.14500000e+06 6.61035471e-01
7.15500000e+06 6.43423866e-01
7.16000000e+06 6.41121465e-01
7.16500000e+06 6.48614103e-01
7.17000000e+06 6.68326199e-01
7.17500000e+06 7.03522194e-01
7.18000000e+06 7.65957991e-01
7.18500000e+06 8.54943539e-01
7.19000000e+06 9.60535946e-01
7.19500000e+06 1.08614596e+00
7.20000000e+06 1.17998685e+00
7.20507812e+06 1.17440722e+00
7.21250000e+06 1.10679023e+00
7.22000000e+06 1.03398767e+00
7.23000000e+06 9.57642627e-01
7.23500000e+06 9.22426144e-01
7.24000000e+06 8.90965133e-01
7.24500000e+06 8.65528734e-01
7.25000000e+06 8.48349189e-01
7.26000000e+06 8.44490130e-01
7.27000000e+06 8.52426014e-01
7.28000000e+06 8.52035865e-01
7.29000000e+06 8.47972406e-01
7.30000000e+06 8.53672840e-01
7.31000000e+06 8.35869467e-01
7.32000000e+06 9.08776662e-01
7.33000000e+06 9.46169831e-01
7.34000000e+06 9.18390934e-01
7.35000000e+06 8.82763649e-01
7.36000000e+06 8.38769717e-01
7.36875000e+06 7.46695741e-01
7.37000000e+06 7.37583074e-01
7.37500000e+06 7.94818190e-01
7.38000000e+06 8.53914776e-01
7.41500000e+06 8.02496752e-01
7.45000000e+06 7.60248299e-01
7.47000000e+06 7.40588892e-01
7.49000000e+06 7.25564487e-01
7.50000000e+06 7.22296591e-01
7.52034546e+06 7.49009678e-01
7.54105456e+06 7.54744455e-01
7.55000000e+06 7.54723425e-01
7.56000000e+06 7.54773640e-01
7.57000000e+06 7.48447135e-01
7.58000000e+06 7.38703388e-01
7.59000000e+06 7.32959709e-01
7.60000000e+06 7.32386514e-01
7.61294785e+06 7.43938509e-01
7.72000000e+06 8.80606625e-01
7.73500000e+06 8.94484201e-01
7.75500000e+06 9.07473532e-01
7.77500000e+06 9.14969279e-01
7.80500000e+06 9.19640283e-01
7.82000000e+06 9.25944179e-01
7.83500000e+06 9.38098426e-01
7.85000000e+06 9.54155708e-01
7.86000000e+06 9.60645002e-01
7.87000000e+06 9.54805208e-01
7.88000000e+06 9.29776793e-01
7.89000000e+06 8.92255178e-01
7.90000000e+06 8.49610081e-01
7.92000000e+06 7.71067673e-01
7.95000000e+06 6.35324755e-01
7.96000000e+06 5.95678073e-01
7.97000000e+06 5.65055831e-01
7.98000000e+06 5.41295551e-01
7.99000000e+06 5.24852525e-01
8.00000000e+06 5.16360093e-01
8.01000000e+06 5.16478002e-01
8.02000000e+06 5.22600067e-01
8.03000000e+06 5.32423070e-01
8.04000000e+06 5.44950043e-01
8.05000000e+06 5.60967295e-01
8.06000000e+06 5.79548452e-01
8.10500000e+06 6.70451936e-01
8.13500000e+06 7.35252545e-01
8.15000000e+06 7.63701406e-01
8.16000000e+06 7.76669063e-01
8.17500000e+06 7.90886396e-01
8.19500000e+06 8.04786363e-01
8.22500000e+06 8.22705644e-01
8.24000000e+06 8.27913409e-01
8.25000000e+06 8.27092104e-01
8.26000000e+06 8.22710049e-01
8.27500000e+06 8.11080183e-01
8.29500000e+06 7.90390418e-01
8.31000000e+06 7.71635751e-01
8.32500000e+06 7.47454766e-01
8.37000000e+06 6.66459279e-01
8.38000000e+06 6.50795963e-01
8.39000000e+06 6.38608220e-01
8.40000000e+06 6.28850307e-01
8.44500000e+06 6.04927867e-01
8.51000000e+06 5.60236964e-01
8.53000000e+06 5.54545973e-01
8.54000000e+06 5.53199092e-01
8.55750000e+06 5.54330445e-01
8.57500000e+06 5.59519069e-01
8.59000000e+06 5.68285631e-01
8.60000000e+06 5.77702997e-01
8.61000000e+06 5.90908990e-01
8.62000000e+06 6.06298913e-01
8.63500000e+06 6.32965587e-01
8.65000000e+06 6.62442171e-01
8.67000000e+06 7.08185814e-01
8.71000000e+06 8.08780630e-01
8.72000000e+06 8.30688542e-01
8.73000000e+06 8.48732912e-01
8.74000000e+06 8.62327052e-01
8.75000000e+06 8.71526264e-01
8.76000000e+06 8.75500332e-01
8.77000000e+06 8.74274315e-01
8.78000000e+06 8.66700867e-01
8.79000000e+06 8.53758907e-01
8.83000000e+06 7.85322683e-01
8.86500000e+06 7.31398430e-01
8.90000000e+06 6.71302081e-01
8.91000000e+06 6.56461991e-01
8.92000000e+06 6.49378809e-01
8.95000000e+06 6.55201259e-01
8.96000000e+06 6.79026479e-01
8.98000000e+06 6.81814344e-01
8.99000000e+06 6.90156697e-01
9.01000000e+06 7.22593405e-01
9.02000000e+06 7.38278807e-01
9.02500000e+06 7.54888440e-01
9.04000000e+06 8.19503154e-01
9.05000000e+06 8.46770779e-01
9.07968750e+06 7.55697153e-01
9.10000000e+06 7.37799719e-01
9.12500000e+06 7.11871861e-01
9.14500000e+06 6.83566269e-01
9.18000000e+06 6.39141141e-01
9.20000000e+06 6.16741841e-01
9.22500000e+06 6.02321881e-01
9.24800000e+06 6.00463623e-01
9.27400000e+06 6.05331152e-01
9.30000000e+06 6.19429690e-01
9.32500000e+06 6.51360490e-01
9.35000000e+06 6.85603962e-01
9.37500000e+06 7.13355943e-01
9.40000000e+06 7.19693175e-01
9.42362500e+06 6.96295929e-01
9.43150000e+06 6.91130621e-01
9.52500000e+06 6.82276325e-01
9.58125000e+06 6.87467533e-01
9.60000000e+06 6.91421875e-01
9.62500000e+06 7.05935249e-01
9.65000000e+06 7.12665299e-01
9.70000000e+06 7.29121308e-01
9.72500000e+06 7.34020093e-01
9.77500000e+06 7.29732254e-01
9.80000000e+06 7.42654735e-01
9.82500000e+06 7.43926999e-01
9.87656250e+06 7.10938103e-01
9.90000000e+06 7.06676672e-01
9.92500000e+06 7.07490349e-01
9.95000000e+06 7.13973953e-01
9.97500000e+06 7.30599388e-01
1.00000000e+07 7.39899309e-01
1.00500000e+07 7.53948523e-01
1.01000000e+07 7.87385600e-01
1.01220000e+07 8.00095600e-01
1.01500000e+07 8.12395500e-01
1.01890000e+07 8.23425800e-01
1.01900000e+07 8.23465600e-01
1.02000000e+07 8.25285700e-01
1.02020000e+07 8.25505600e-01
1.02450000e+07 8.17759600e-01
1.02470000e+07 8.17035800e-01
1.02500000e+07 8.15875700e-01
1.03000000e+07 7.91665500e-01
1.03500000e+07 7.56225400e-01
1.03720000e+07 7.40465900e-01
1.04000000e+07 7.22355900e-01
1.04500000e+07 7.08565800e-01
1.04650000e+07 7.08045800e-01
1.04680000e+07 7.08095800e-01
1.05000000e+07 7.09555800e-01
1.05260000e+07 7.10295800e-01
1.05280000e+07 7.10315800e-01
1.05500000e+07 7.09165800e-01
1.05600000e+07 7.06895700e-01
1.05630000e+07 7.05965900e-01
1.06000000e+07 6.90625800e-01
1.06500000e+07 6.87555800e-01
1.06670000e+07 6.86515800e-01
1.06690000e+07 6.86555800e-01
1.06800000e+07 6.87815900e-01
1.06900000e+07 6.92485500e-01
1.07000000e+07 7.03365600e-01
1.07100000e+07 7.05735800e-01
1.07200000e+07 6.79784900e-01
1.07300000e+07 6.23684800e-01
1.07400000e+07 6.48865300e-01
1.07500000e+07 6.72895900e-01
1.07600000e+07 6.93336300e-01
1.07700000e+07 7.12026700e-01
1.07800000e+07 7.28575500e-01
1.07900000e+07 7.43115900e-01
1.08000000e+07 7.57236100e-01
1.08100000e+07 7.71236500e-01
1.08200000e+07 7.84955500e-01
1.08300000e+07 7.97855800e-01
1.08400000e+07 8.06346000e-01
1.08500000e+07 8.10816000e-01
1.08600000e+07 8.10746000e-01
1.08700000e+07 8.08405900e-01
1.08800000e+07 8.07695900e-01
1.08900000e+07 8.09636000e-01
1.09000000e+07 8.13165800e-01
1.09100000e+07 8.17665900e-01
1.09200000e+07 8.23045900e-01
1.09300000e+07 8.36126500e-01
1.09400000e+07 8.66424300e-01
1.09500000e+07 9.07605100e-01
1.09600000e+07 9.52256100e-01
1.09700000e+07 9.80066000e-01
1.09800000e+07 9.81985900e-01
1.09900000e+07 9.83515800e-01
1.10000000e+07 9.87555900e-01
1.10070000e+07 9.94205900e-01
1.10090000e+07 9.96365600e-01
1.10500000e+07 1.04469600e+00
1.11000000e+07 1.10719700e+00
1.11500000e+07 1.14619600e+00
1.12000000e+07 1.10139600e+00
1.12200000e+07 1.07489600e+00
1.12500000e+07 1.03379600e+00
1.13000000e+07 9.77335800e-01
1.13500000e+07 9.30145700e-01
1.14000000e+07 8.99446200e-01
1.14500000e+07 9.09696000e-01
1.15000000e+07 9.40176100e-01
1.15200000e+07 9.54836400e-01
1.15400000e+07 9.67066100e-01
1.15500000e+07 9.72266200e-01
1.16000000e+07 1.00049600e+00
1.16430000e+07 1.00599600e+00
1.16480000e+07 1.00569600e+00
1.16500000e+07 1.00539600e+00
1.17000000e+07 1.00169600e+00
1.17500000e+07 1.00609600e+00
1.17790000e+07 1.05959800e+00
1.17960000e+07 1.07269600e+00
1.17970000e+07 1.07289600e+00
1.18000000e+07 1.07369600e+00
1.18500000e+07 1.06539600e+00
1.19000000e+07 1.04229600e+00
1.19500000e+07 1.04309600e+00
1.19700000e+07 1.05019600e+00
1.20000000e+07 1.03679600e+00
1.20500000e+07 9.90596000e-01
1.21000000e+07 9.37343400e-01
1.21100000e+07 9.27022700e-01
1.21500000e+07 8.88616900e-01
1.21610000e+07 8.79039500e-01
1.22000000e+07 8.67773300e-01
1.22466700e+07 8.84125400e-01
1.22470000e+07 8.84238500e-01
1.22480000e+07 8.84581900e-01
1.22500000e+07 8.85265200e-01
1.23000000e+07 8.89142500e-01
1.23317200e+07 8.88561600e-01
1.23320000e+07 8.88535800e-01
1.23330000e+07 8.88440400e-01
1.23500000e+07 8.86309800e-01
1.23630000e+07 8.85198800e-01
1.23700000e+07 8.84458200e-01
1.24000000e+07 8.81146300e-01
1.24500000e+07 8.76238700e-01
1.25000000e+07 8.76950800e-01
1.25500000e+07 8.75926300e-01
1.25800000e+07 8.69907100e-01
1.26000000e+07 8.64775100e-01
1.26200000e+07 8.58566400e-01
1.26500000e+07 8.48530200e-01
1.27000000e+07 8.40107200e-01
1.27500000e+07 8.52895300e-01
1.28000000e+07 8.98608800e-01
1.28090000e+07 9.07197400e-01
1.28090400e+07 9.07236000e-01
1.28130000e+07 9.11009900e-01
1.28500000e+07 9.44229100e-01
1.28923500e+07 9.72853200e-01
1.29000000e+07 9.74144000e-01
1.29500000e+07 9.58407100e-01
1.30000000e+07 9.19870100e-01
1.30500000e+07 8.94915700e-01
1.31000000e+07 8.93509600e-01
1.31500000e+07 9.01676200e-01
1.32000000e+07 9.09543100e-01
1.32247000e+07 9.09037300e-01
1.32250000e+07 9.09038000e-01
1.32270000e+07 9.09040600e-01
1.32500000e+07 9.09218800e-01
1.33000000e+07 9.04319000e-01
1.33180000e+07 9.05225900e-01
1.33200000e+07 9.05438500e-01
1.33203800e+07 9.05483900e-01
1.33500000e+07 9.09129300e-01
1.34000000e+07 9.13320400e-01
1.34500000e+07 9.20169500e-01
1.35000000e+07 9.23498400e-01
1.35500000e+07 9.21323900e-01
1.36000000e+07 9.34008800e-01
1.36020000e+07 9.34397200e-01
1.36030000e+07 9.34610200e-01
1.36031600e+07 9.34644300e-01
1.36100000e+07 9.36180500e-01
1.36200000e+07 9.39046600e-01
1.36300000e+07 9.42817600e-01
1.36400000e+07 9.47502600e-01
1.36500000e+07 9.52388200e-01
1.36600000e+07 9.58774500e-01
1.36700000e+07 9.65161800e-01
1.36743500e+07 9.67925700e-01
1.36800000e+07 9.71654800e-01
1.36900000e+07 9.78218400e-01
1.37000000e+07 9.84731700e-01
1.37100000e+07 9.91184900e-01
1.37200000e+07 9.97566200e-01
1.37300000e+07 1.00386100e+00
1.37400000e+07 1.00827700e+00
1.37500000e+07 1.00726400e+00
1.37600000e+07 1.00110600e+00
1.37700000e+07 9.97874100e-01
1.37800000e+07 1.00061900e+00
1.37850000e+07 1.00335200e+00
1.37866500e+07 1.00439800e+00
1.37870000e+07 1.00462000e+00
1.37900000e+07 1.00652300e+00
1.38000000e+07 1.01278200e+00
1.38100000e+07 1.01658800e+00
1.38200000e+07 1.01563300e+00
1.38300000e+07 1.01288300e+00
1.38400000e+07 1.00989500e+00
1.38500000e+07 1.00729400e+00
1.38600000e+07 1.00436500e+00
1.38700000e+07 1.00149300e+00
1.38800000e+07 9.98631900e-01
1.38900000e+07 9.95790000e-01
1.39000000e+07 9.92972400e-01
1.39500000e+07 9.79230200e-01
1.39790000e+07 9.65429700e-01
1.40000000e+07 9.56582300e-01
1.40500000e+07 9.35933400e-01
1.41000000e+07 9.44653500e-01
1.41500000e+07 9.55268200e-01
1.42000000e+07 9.59694600e-01
1.42500000e+07 9.64346000e-01
1.42980000e+07 9.68295600e-01
1.43000000e+07 9.68464300e-01
1.43500000e+07 9.73036500e-01
1.44000000e+07 9.67094000e-01
1.44500000e+07 9.63389400e-01
1.45000000e+07 9.61355000e-01
1.45500000e+07 9.62460100e-01
1.46000000e+07 9.70195600e-01
1.46170000e+07 9.72968800e-01
1.46500000e+07 9.78438100e-01
1.47000000e+07 9.90636200e-01
1.47500000e+07 1.00153600e+00
1.48000000e+07 1.01619000e+00
1.48500000e+07 1.03103100e+00
1.49000000e+07 1.03485000e+00
1.49360000e+07 1.03770600e+00
1.49500000e+07 1.03880500e+00
1.50000000e+07 1.04392900e+00
1.50200000e+07 1.04462200e+00
1.50400000e+07 1.04024300e+00
1.50500000e+07 1.03681200e+00
1.51000000e+07 1.01350800e+00
1.51500000e+07 9.84824900e-01
1.52000000e+07 9.49053600e-01
1.52500000e+07 9.22452400e-01
1.52550000e+07 9.20370200e-01
1.53000000e+07 9.05630300e-01
1.53471700e+07 8.89991000e-01
1.53500000e+07 8.89060100e-01
1.53920700e+07 8.76434400e-01
1.54000000e+07 8.75939700e-01
1.54500000e+07 8.78173100e-01
1.55000000e+07 8.81992300e-01
1.55500000e+07 8.85731300e-01
1.55740000e+07 8.91775600e-01
1.56000000e+07 8.98089100e-01
1.56500000e+07 9.07342500e-01
1.57000000e+07 9.16748900e-01
1.57500000e+07 9.22604200e-01
1.58000000e+07 9.21001300e-01
1.58500000e+07 9.15693200e-01
1.58930000e+07 9.06739100e-01
1.59000000e+07 9.05107100e-01
1.59500000e+07 8.84646900e-01
1.60000000e+07 8.56786400e-01
1.61000000e+07 8.43817400e-01
1.61300000e+07 8.51272400e-01
1.61610000e+07 8.59531500e-01
1.62000000e+07 8.71735800e-01
1.62050000e+07 8.73195000e-01
1.62120000e+07 8.75533700e-01
1.63000000e+07 9.07100900e-01
1.64000000e+07 9.28135200e-01
1.64100000e+07 9.29171000e-01
1.65000000e+07 9.41332100e-01
1.65310000e+07 9.33630400e-01
1.66000000e+07 9.24360500e-01
1.66150000e+07 9.23391800e-01
1.66516000e+07 9.23108600e-01
1.67000000e+07 9.27729400e-01
1.68000000e+07 9.45788400e-01
1.68200000e+07 9.50054100e-01
1.68500000e+07 9.57959400e-01
1.69000000e+07 9.73300600e-01
1.70000000e+07 1.00527100e+00
1.70250000e+07 1.01561500e+00
1.71000000e+07 1.04497400e+00
1.71680000e+07 1.05866300e+00
1.71690000e+07 1.05882700e+00
1.72000000e+07 1.06333200e+00
1.72300000e+07 1.06514800e+00
1.72501900e+07 1.06563600e+00
1.73000000e+07 1.06492200e+00
1.74000000e+07 1.06175800e+00
1.74350000e+07 1.05994900e+00
1.74870000e+07 1.06008300e+00
1.74880000e+07 1.06008400e+00
1.75000000e+07 1.06006700e+00
1.76000000e+07 1.06325600e+00
1.76400000e+07 1.06420100e+00
1.77000000e+07 1.06656600e+00
1.78000000e+07 1.06831100e+00
1.78060000e+07 1.06840600e+00
1.78070000e+07 1.06841800e+00
1.78450000e+07 1.06844200e+00
1.78500000e+07 1.06825600e+00
1.78507200e+07 1.06823000e+00
1.79000000e+07 1.06587700e+00
1.80000000e+07 1.05854300e+00
1.80500000e+07 1.04601900e+00
1.81000000e+07 1.03392900e+00
1.81250000e+07 1.02967700e+00
1.81338100e+07 1.02827500e+00
1.82000000e+07 1.01822400e+00
1.82550000e+07 1.01636300e+00
1.82890200e+07 1.01578200e+00
1.83000000e+07 1.01572300e+00
1.84000000e+07 1.02440900e+00
1.84440000e+07 1.02805400e+00
1.84600000e+07 1.02997700e+00
1.85000000e+07 1.03403700e+00
1.85717900e+07 1.02745000e+00
1.86000000e+07 1.02624900e+00
1.86650000e+07 1.03475100e+00
1.87000000e+07 1.03780200e+00
1.87630000e+07 1.05262500e+00
1.88000000e+07 1.06144900e+00
1.88700000e+07 1.08671300e+00
1.89000000e+07 1.09783300e+00
1.90000000e+07 1.11185100e+00
1.90750000e+07 1.10643200e+00
1.90820000e+07 1.10561200e+00
1.91000000e+07 1.10344200e+00
1.92000000e+07 1.10751600e+00
1.92800000e+07 1.10147000e+00
1.93000000e+07 1.09909900e+00
1.93645200e+07 1.08368000e+00
1.94000000e+07 1.07427500e+00
1.94010000e+07 1.07382600e+00
1.94850000e+07 1.03875000e+00
1.95000000e+07 1.03330200e+00
1.95891400e+07 1.00686400e+00
1.96000000e+07 1.00419100e+00
1.96394300e+07 9.98871800e-01
1.96900000e+07 9.92264400e-01
1.97000000e+07 9.91461900e-01
1.97200000e+07 9.91739000e-01
1.98000000e+07 9.92876500e-01
1.98950000e+07 9.95068400e-01
1.99000000e+07 9.95322700e-01
2.00000000e+07 9.99574800e-01
2.01000000e+07 1.00212000e+00
2.01482100e+07 1.00740800e+00
2.02562100e+07 1.02368200e+00
2.02597200e+07 1.02425100e+00
2.03342400e+07 1.03447100e+00
2.03500000e+07 1.03600200e+00
2.04200000e+07 1.04318600e+00
2.05000000e+07 1.04692800e+00
2.06171200e+07 1.05400000e+00
2.06500000e+07 1.05540500e+00
2.08199600e+07 1.05547000e+00
2.09029800e+07 1.05519600e+00
2.09500000e+07 1.05503600e+00
2.09763300e+07 1.05560600e+00
2.09945100e+07 1.05600300e+00
2.10000000e+07 1.05613000e+00
2.10815700e+07 1.05826100e+00
2.12325300e+07 1.06275700e+00
2.12500000e+07 1.06334300e+00
2.14423800e+07 1.06113900e+00
2.15000000e+07 1.06043900e+00
2.15500000e+07 1.05970600e+00
2.15941800e+07 1.05799200e+00
2.16361700e+07 1.05637100e+00
2.17250500e+07 1.05299700e+00
2.18500000e+07 1.04837600e+00
2.18950300e+07 1.04773900e+00
2.19867700e+07 1.04652500e+00
2.20000000e+07 1.04635200e+00
2.20439600e+07 1.04516100e+00
2.21500000e+07 1.04124700e+00
2.22447800e+07 1.03339700e+00
2.24500000e+07 1.01635400e+00
2.25000000e+07 1.01360000e+00
2.27500000e+07 1.00682800e+00
2.28644400e+07 1.00306800e+00
2.30000000e+07 9.98590500e-01
2.30430000e+07 9.97529900e-01
2.30500000e+07 9.97356500e-01
2.33500000e+07 9.95678000e-01
2.35000000e+07 9.98763200e-01
2.36500000e+07 9.99893000e-01
2.37434800e+07 9.97261600e-01
2.39500000e+07 9.89452900e-01
2.40000000e+07 9.89355900e-01
2.42500000e+07 9.94628500e-01
2.44088300e+07 1.00022500e+00
2.45000000e+07 1.00342700e+00
2.45500000e+07 1.00486200e+00
2.45771100e+07 1.00557900e+00
2.48500000e+07 1.01230700e+00
2.50000000e+07 1.01656200e+00
2.51500000e+07 1.01870400e+00
2.54500000e+07 1.01541100e+00
2.55000000e+07 1.01564100e+00
2.57500000e+07 1.01933600e+00
2.60000000e+07 1.02668900e+00
2.60500000e+07 1.02685700e+00
2.63500000e+07 1.02996900e+00
2.65000000e+07 1.02922700e+00
2.66500000e+07 1.02768700e+00
2.69500000e+07 1.02714100e+00
2.70000000e+07 1.02707200e+00
2.72500000e+07 1.02685400e+00
2.75000000e+07 1.02485200e+00
2.75500000e+07 1.02424100e+00
2.78500000e+07 1.02127600e+00
2.80000000e+07 1.02135500e+00
2.81500000e+07 1.02279100e+00
2.84500000e+07 1.02550600e+00
2.85000000e+07 1.02571600e+00
2.87500000e+07 1.02972500e+00
2.90000000e+07 1.03293800e+00
2.90500000e+07 1.03280400e+00
2.93500000e+07 1.03169100e+00
2.95000000e+07 1.03835200e+00
2.96500000e+07 1.04252500e+00
2.99500000e+07 1.04282400e+00
3.00000000e+07 1.04274500e+00
3.00000100e+07 1.04274500e+00
3.04232561e+07 1.03978310e+00
3.07079200e+07 1.03779100e+00
3.10000000e+07 1.03753000e+00
3.14222900e+07 1.03648300e+00
3.18656019e+07 1.03460757e+00
3.20000000e+07 1.03403900e+00
3.24514624e+07 1.03128056e+00
3.29092941e+07 1.02848321e+00
3.30000000e+07 1.02792900e+00
3.32629900e+07 1.02605300e+00
3.37322709e+07 1.02245417e+00
3.40000000e+07 1.02040100e+00
3.41482000e+07 1.01920600e+00
3.43887700e+07 1.01722800e+00
3.48739336e+07 1.01307828e+00
3.50000000e+07 1.01200000e+00
3.54937870e+07 1.00764325e+00
3.55350700e+07 1.00727900e+00
3.60000000e+07 1.00323700e+00
3.65078952e+07 9.98846500e-01
3.70000000e+07 9.94592500e-01
3.75220034e+07 9.90005395e-01
3.80000000e+07 9.85805000e-01
3.85361116e+07 9.80904618e-01
3.90000000e+07 9.76664400e-01
3.91296000e+07 9.75444700e-01
3.96816482e+07 9.70088678e-01
4.00000000e+07 9.67000000e-01
4.05643280e+07 9.60716264e-01
4.10000000e+07 9.55865100e-01
4.15784362e+07 9.48293486e-01
4.20000000e+07 9.42775300e-01
4.25925444e+07 9.34157275e-01
4.30000000e+07 9.28231200e-01
4.36066526e+07 9.18788834e-01
4.40000000e+07 9.12666500e-01
4.46207608e+07 9.02601360e-01
4.50000000e+07 8.96452300e-01
4.56348690e+07 8.85945535e-01
4.60000000e+07 8.79902800e-01
4.66489772e+07 8.69117188e-01
4.70000000e+07 8.63283400e-01
4.76630854e+07 8.52361389e-01
4.80000000e+07 8.46811900e-01
4.86771936e+07 8.35879964e-01
4.90000000e+07 8.30668900e-01
4.96913018e+07 8.19836961e-01
5.00000000e+07 8.15000000e-01
5.07054100e+07 8.04332437e-01
5.10000000e+07 7.99877500e-01
5.17195182e+07 7.89350301e-01
5.20000000e+07 7.85246600e-01
5.27336264e+07 7.74827198e-01
5.30000000e+07 7.71044000e-01
5.37477346e+07 7.60707018e-01
5.40000000e+07 7.57219600e-01
5.47618428e+07 7.46938684e-01
5.50000000e+07 7.43724800e-01
5.57759510e+07 7.33479221e-01
5.60000000e+07 7.30520900e-01
5.67900592e+07 7.20291055e-01
5.70000000e+07 7.17572700e-01
5.78041674e+07 7.07344656e-01
5.80000000e+07 7.04853900e-01
5.88182756e+07 6.94610726e-01
5.90000000e+07 6.92335900e-01
5.98323838e+07 6.82067697e-01
6.00000000e+07 6.80000000e-01
6.08464920e+07 6.69789613e-01
6.10000000e+07 6.67938000e-01
6.18606002e+07 6.57867515e-01
6.20000000e+07 6.56236300e-01
6.28747084e+07 6.46294452e-01
6.30000000e+07 6.44870400e-01
6.38888166e+07 6.35045244e-01
6.40000000e+07 6.33816200e-01
6.49029248e+07 6.24098020e-01
6.50000000e+07 6.23053200e-01
6.59170330e+07 6.13432699e-01
6.60000000e+07 6.12562300e-01
6.69311412e+07 6.03031139e-01
6.70000000e+07 6.02326300e-01
6.79452494e+07 5.92877114e-01
6.80000000e+07 5.92329800e-01
6.89593576e+07 5.82955821e-01
6.90000000e+07 5.82558700e-01
6.99734658e+07 5.73253632e-01
7.00000000e+07 5.73000000e-01
7.09875740e+07 5.63757789e-01
7.10000000e+07 5.63641500e-01
7.20000000e+07 5.54484400e-01
7.30000000e+07 5.45535200e-01
7.40000000e+07 5.36799400e-01
7.50000000e+07 5.28280700e-01
7.60000000e+07 5.19981700e-01
7.70000000e+07 5.11903900e-01
7.80000000e+07 5.04047900e-01
7.90000000e+07 4.96413600e-01
8.00000000e+07 4.89000000e-01
8.10000000e+07 4.82090300e-01
8.20000000e+07 4.75777000e-01
8.30000000e+07 4.69798200e-01
8.40000000e+07 4.63922000e-01
8.50000000e+07 4.57942900e-01
8.60000000e+07 4.51680500e-01
8.70000000e+07 4.44977400e-01
8.80000000e+07 4.37699800e-01
8.90000000e+07 4.29736600e-01
9.00000000e+07 4.21000000e-01
9.10000000e+07 4.11938500e-01
9.20000000e+07 4.03059700e-01
9.30000000e+07 3.94379500e-01
9.40000000e+07 3.85911100e-01
9.50000000e+07 3.77665000e-01
9.60000000e+07 3.69649700e-01
9.70000000e+07 3.61871700e-01
9.80000000e+07 3.54335500e-01
9.90000000e+07 3.47044300e-01
1.00000000e+08 3.40000000e-01
1.01410820e+08 3.30427163e-01
1.02000000e+08 3.26429400e-01
1.03439036e+08 3.17142363e-01
1.04000000e+08 3.13522100e-01
1.05467253e+08 3.04644707e-01
1.06000000e+08 3.01421400e-01
1.07495469e+08 2.93050137e-01
1.08000000e+08 2.90225900e-01
1.09523686e+08 2.82435372e-01
1.10000000e+08 2.80000000e-01
1.11551902e+08 2.72706914e-01
1.12000000e+08 2.70601100e-01
1.13580118e+08 2.63637676e-01
1.14000000e+08 2.61787300e-01
1.15608335e+08 2.55095341e-01
1.16000000e+08 2.53465700e-01
1.17636551e+08 2.46995431e-01
1.18000000e+08 2.45558500e-01
1.19664768e+08 2.39266927e-01
1.20000000e+08 2.38000000e-01
1.21692984e+08 2.31882318e-01
1.22000000e+08 2.30772900e-01
1.23721200e+08 2.24842246e-01
1.24000000e+08 2.23881600e-01
1.25749417e+08 2.18126981e-01
1.26000000e+08 2.17302700e-01
1.27777633e+08 2.11714355e-01
1.28000000e+08 2.11015300e-01
1.29805850e+08 2.05583936e-01
1.30000000e+08 2.05000000e-01
1.31834066e+08 1.99583545e-01
1.32000000e+08 1.99093500e-01
1.33862282e+08 1.93594646e-01
1.34000000e+08 1.93188000e-01
1.35890499e+08 1.87660654e-01
1.36000000e+08 1.87340500e-01
1.37918715e+08 1.81831773e-01
1.38000000e+08 1.81598400e-01
1.39946932e+08 1.76148549e-01
1.40000000e+08 1.76000000e-01
1.41975148e+08 1.70483214e-01
1.42000000e+08 1.70413800e-01
1.44000000e+08 1.64746900e-01
1.46000000e+08 1.59079800e-01
1.48000000e+08 1.53479200e-01
1.50000000e+08 1.48000000e-01
