838
1.00000000e-05 8.54240700e-03
1.10303700e-05 8.13364500e-03
1.21669100e-05 7.74444300e-03
1.34205500e-05 7.37386500e-03
1.48033600e-05 7.02101900e-03
1.63286500e-05 6.68505700e-03
1.80111100e-05 6.36517100e-03
1.98669100e-05 6.06059200e-03
2.19139400e-05 5.77058700e-03
2.41718900e-05 5.49446000e-03
2.66624800e-05 5.23154500e-03
2.94097100e-05 4.98121100e-03
3.24399900e-05 4.74285600e-03
3.57825100e-05 4.51590600e-03
3.94694300e-05 4.29981600e-03
4.35362400e-05 4.09406600e-03
4.80220800e-05 3.89816200e-03
5.29701300e-05 3.71163100e-03
5.84280100e-05 3.53402600e-03
6.44482500e-05 3.36492000e-03
7.10888100e-05 3.20390600e-03
7.84135800e-05 3.05059600e-03
8.64930800e-05 2.90462300e-03
9.54050600e-05 2.76563400e-03
1.05235300e-04 2.63329600e-03
1.16078400e-04 2.50729100e-03
1.28038800e-04 2.38731500e-03
1.41231500e-04 2.27308000e-03
1.55783600e-04 2.16431100e-03
1.71835100e-04 2.06074700e-03
1.89540400e-04 1.96213900e-03
2.09070100e-04 1.86824900e-03
2.30612000e-04 1.77885200e-03
2.54373600e-04 1.69373200e-03
2.80583500e-04 1.61268600e-03
3.09493900e-04 1.53551800e-03
3.41383200e-04 1.46204200e-03
3.76558300e-04 1.39208200e-03
4.15357700e-04 1.32547000e-03
4.58154900e-04 1.26204500e-03
5.05361800e-04 1.20165600e-03
5.57432800e-04 1.14415600e-03
6.14868900e-04 1.08940700e-03
6.78223200e-04 1.03727800e-03
7.48105200e-04 9.87644000e-04
8.25187700e-04 9.40385000e-04
9.10212500e-04 8.95387000e-04
1.00399800e-03 8.52542000e-04
1.10744690e-03 8.11748000e-04
1.22155490e-03 7.72905000e-04
1.34742020e-03 7.35922000e-04
1.48625420e-03 7.00708000e-04
1.63939330e-03 6.67179000e-04
1.80831140e-03 6.35254000e-04
1.99463430e-03 6.04857000e-04
2.20015530e-03 5.75915000e-04
2.42685260e-03 5.48357000e-04
2.67690810e-03 5.22119000e-04
2.95272860e-03 4.97136000e-04
3.25696870e-03 4.73348000e-04
3.59255680e-03 4.50699000e-04
3.96272290e-03 4.29133000e-04
4.37102980e-03 4.08600000e-04
4.82140740e-03 3.89049000e-04
5.31819050e-03 3.70434000e-04
5.86616070e-03 3.52709000e-04
6.47059200e-03 3.35833000e-04
7.13730200e-03 3.19764000e-04
7.87270780e-03 3.04465000e-04
8.68388760e-03 2.89897000e-04
9.57864890e-03 2.76027000e-04
1.05656037e-02 2.62821000e-04
1.16542513e-02 2.50247000e-04
1.28550698e-02 2.38275000e-04
1.41796170e-02 2.26875000e-04
1.56406415e-02 2.16022000e-04
1.72522055e-02 2.05688000e-04
1.90298201e-02 1.95850000e-04
2.09905947e-02 1.86482000e-04
2.31534016e-02 1.77564000e-04
2.52418800e-02 1.70065000e-04
2.53000000e-02 1.69869000e-04
2.79068348e-02 1.61748000e-04
3.07822700e-02 1.54016000e-04
3.39539812e-02 1.46656000e-04
3.74524958e-02 1.39651000e-04
4.13114868e-02 1.32984000e-04
4.55680964e-02 1.26639000e-04
5.02632940e-02 1.20602000e-04
5.54422705e-02 1.14859000e-04
6.11548730e-02 1.09393000e-04
6.74560846e-02 1.04190000e-04
7.44065538e-02 9.92342000e-05
8.20731781e-02 9.45115000e-05
9.05297481e-02 9.00098000e-05
9.98576572e-02 8.57194000e-05
1.10146686e-01 8.16317000e-05
1.21495864e-01 7.77377000e-05
1.34014427e-01 7.40293000e-05
1.47822865e-01 7.04979000e-05
1.63054082e-01 6.71352000e-05
1.79854678e-01 6.39331000e-05
1.98386355e-01 6.08839000e-05
2.18827480e-01 5.79803000e-05
2.41374796e-01 5.52152000e-05
2.66245319e-01 5.25822000e-05
2.93678424e-01 5.00747000e-05
3.23938153e-01 4.76868000e-05
3.57315753e-01 4.54127000e-05
3.94132478e-01 4.32470000e-05
4.34742686e-01 4.11846000e-05
4.79537247e-01 3.92209000e-05
5.28947302e-01 3.73509000e-05
5.83448419e-01 3.55698000e-05
6.43565164e-01 3.38732000e-05
7.09876156e-01 3.22575000e-05
7.83019630e-01 3.07200000e-05
8.63699584e-01 2.92587000e-05
9.52692555e-01 2.78736000e-05
1.05085509e+00 2.65644000e-05
1.15913199e+00 2.53277000e-05
1.27856542e+00 2.41572000e-05
1.42025333e+00 2.29651000e-05
1.57756539e+00 2.18289000e-05
1.74011292e+00 2.08208000e-05
1.93294854e+00 1.97937000e-05
2.14704846e+00 1.88153000e-05
2.38497982e+00 1.78838000e-05
2.64914825e+00 1.70015000e-05
2.96333409e+00 1.61071000e-05
3.29172450e+00 1.53093000e-05
3.68211913e+00 1.45053000e-05
4.11881410e+00 1.37419000e-05
4.60730058e+00 1.30168000e-05
5.15372097e+00 1.23318000e-05
5.76494617e+00 1.16857000e-05
6.40349109e+00 1.11064000e-05
7.06328729e+00 1.05951000e-05
7.84602583e+00 1.00690000e-05
8.71507817e+00 9.57267000e-06
9.61305324e+00 9.13201000e-06
1.05297950e+01 8.75853000e-06
1.18611217e+01 8.31225000e-06
1.32678367e+01 7.91610000e-06
1.48413865e+01 7.53833000e-06
1.64860775e+01 7.19899000e-06
1.80573741e+01 6.91870000e-06
1.97794023e+01 6.64979000e-06
2.12145897e+01 6.47219000e-06
2.40654111e+01 6.17838000e-06
2.69195404e+01 5.92958000e-06
3.07508966e+01 5.64503000e-06
3.46405629e+01 5.40322000e-06
3.92955697e+01 5.15711000e-06
4.45761175e+01 4.92396000e-06
4.91691047e+01 4.75040000e-06
5.16388635e+01 4.67860000e-06
6.19544496e+01 4.47365000e-06
7.12714258e+01 4.31837000e-06
8.14192127e+01 4.17766000e-06
9.56501443e+01 4.01177000e-06
1.02590489e+02 3.94975000e-06
1.38653260e+02 3.79517000e-06
1.54010964e+02 3.74836000e-06
2.91338372e+02 3.74187000e-06
5.47256511e+02 4.10493000e-06
8.68905712e+02 4.62673000e-06
1.38926745e+03 5.44451000e-06
1.73833939e+03 5.91640000e-06
2.57332603e+03 6.96369000e-06
3.08738394e+03 7.53942000e-06
3.70905057e+03 8.17120000e-06
4.47848908e+03 8.87260000e-06
5.11589546e+03 9.39820000e-06
9.67760098e+03 1.27070000e-05
1.02851637e+04 1.31337000e-05
1.54277455e+04 1.60233000e-05
3.59980729e+04 2.47567000e-05
5.77654784e+04 3.18994000e-05
8.15848743e+04 3.87103000e-05
1.15591270e+05 4.76450000e-05
1.89022752e+05 6.65869000e-05
2.05703274e+05 7.10737000e-05
2.50000000e+05 8.44636000e-05
2.80000000e+05 9.59145000e-05
3.00000000e+05 1.05448000e-04
3.20000000e+05 1.17552000e-04
3.40000000e+05 1.33950000e-04
3.60000000e+05 1.58118000e-04
3.70000000e+05 1.75220000e-04
3.80000000e+05 1.97734000e-04
3.90000000e+05 2.28224000e-04
4.00000000e+05 2.70160000e-04
4.05000000e+05 2.96289000e-04
4.15000000e+05 3.55109000e-04
4.20000000e+05 3.79384000e-04
4.25000000e+05 3.87033000e-04
4.29918581e+05 3.64997000e-04
4.30246487e+05 3.61862000e-04
4.35000000e+05 3.07502000e-04
4.40000000e+05 2.29921000e-04
4.45000000e+05 1.54795000e-04
4.50000000e+05 9.64198000e-05
4.55000000e+05 5.68121000e-05
4.59899334e+05 3.24815000e-05
4.60032469e+05 3.19710000e-05
4.62436885e+05 2.64185000e-05
4.69898861e+05 9.56095000e-06
4.69988882e+05 9.39544000e-06
4.70078902e+05 9.29273000e-06
4.74891625e+05 6.59634000e-06
4.79925602e+05 3.81178000e-06
4.80010471e+05 3.78293000e-06
4.80052906e+05 3.77702000e-06
4.88412794e+05 4.49787000e-06
4.90000000e+05 4.64361000e-06
5.00000000e+05 7.77178000e-06
5.50000000e+05 2.49453000e-05
6.00000000e+05 3.47659000e-05
6.50000000e+05 3.90944000e-05
7.00000000e+05 3.96457000e-05
7.50000000e+05 3.74272000e-05
8.50000000e+05 2.95959000e-05
9.00000000e+05 3.06351000e-05
9.20000000e+05 3.51262000e-05
9.40000000e+05 4.38828000e-05
9.60000000e+05 5.77842000e-05
9.80000000e+05 7.48444000e-05
1.00000000e+06 8.18192000e-05
1.02000000e+06 7.11209000e-05
1.04000000e+06 5.62693000e-05
1.06000000e+06 4.55289000e-05
1.08000000e+06 3.88121000e-05
1.10000000e+06 3.46500000e-05
1.15000000e+06 2.94652000e-05
1.22000000e+06 2.59792000e-05
1.23000000e+06 2.53884000e-05
1.24000000e+06 2.46476000e-05
1.25000000e+06 2.36860000e-05
1.26000000e+06 2.23332000e-05
1.27000000e+06 2.03084000e-05
1.28000000e+06 1.71511000e-05
1.29000000e+06 1.21730000e-05
1.29984375e+06 5.66773000e-06
1.30000000e+06 5.58282000e-06
1.30125000e+06 5.13437000e-06
1.30974793e+06 2.27035000e-06
1.30988281e+06 2.23601000e-06
1.30996399e+06 2.22906000e-06
1.31003204e+06 2.23636000e-06
1.31010010e+06 2.25596000e-06
1.31019440e+06 2.29796000e-06
1.31101739e+06 2.75798000e-06
1.32000000e+06 7.86153000e-06
1.33000000e+06 1.59208000e-05
1.34000000e+06 2.12448000e-05
1.35000000e+06 2.41863000e-05
1.36000000e+06 2.58228000e-05
1.37000000e+06 2.67861000e-05
1.38000000e+06 2.73876000e-05
1.39000000e+06 2.77688000e-05
1.40000000e+06 2.80388000e-05
1.42000000e+06 2.83792000e-05
1.49127556e+06 2.89597000e-05
1.54500000e+06 2.93306000e-05
1.57000000e+06 2.96611000e-05
1.58000000e+06 2.98812000e-05
1.59000000e+06 3.02024000e-05
1.60000000e+06 3.07248000e-05
1.61000000e+06 3.16619000e-05
1.62000000e+06 3.36296000e-05
1.62875000e+06 3.83158000e-05
1.63000000e+06 3.91821000e-05
1.63140625e+06 4.26833000e-05
1.63967041e+06 6.46099000e-05
1.63992188e+06 6.54201000e-05
1.64006250e+06 6.62209000e-05
1.64057812e+06 7.05652000e-05
1.64183984e+06 8.20286000e-05
1.64196875e+06 8.34647000e-05
1.64212500e+06 8.56667000e-05
1.64348877e+06 1.09220000e-04
1.64379492e+06 1.14755000e-04
1.64395312e+06 1.18220000e-04
1.64404688e+06 1.20903000e-04
1.64420508e+06 1.26496000e-04
1.64467822e+06 1.45166000e-04
1.64576367e+06 1.88742000e-04
1.64587061e+06 1.93907000e-04
1.64596875e+06 1.99969000e-04
1.64606250e+06 2.07473000e-04
1.64614062e+06 2.14959000e-04
1.64628967e+06 2.31045000e-04
1.64772009e+06 3.94564000e-04
1.64782227e+06 4.07433000e-04
1.64791406e+06 4.21074000e-04
1.64797656e+06 4.32250000e-04
1.64804688e+06 4.47080000e-04
1.64812500e+06 4.66221000e-04
1.64824805e+06 5.00027000e-04
1.64972803e+06 9.33560000e-04
1.64983240e+06 9.60972000e-04
1.64990625e+06 9.76812000e-04
1.64997730e+06 9.87212000e-04
1.65006012e+06 9.91969000e-04
1.65006751e+06 9.92013000e-04
1.65014136e+06 9.89603000e-04
1.65028906e+06 9.75182000e-04
1.65174219e+06 7.79903000e-04
1.65196875e+06 7.45625000e-04
1.65206250e+06 7.28706000e-04
1.65234375e+06 6.69923000e-04
1.65377417e+06 3.55217000e-04
1.65386719e+06 3.36260000e-04
1.65394531e+06 3.22070000e-04
1.65401172e+06 3.11744000e-04
1.65407617e+06 3.03387000e-04
1.65414307e+06 2.96268000e-04
1.65424954e+06 2.87046000e-04
1.65465033e+06 2.57522000e-04
1.65574622e+06 1.78105000e-04
1.65589404e+06 1.68143000e-04
1.65600391e+06 1.61943000e-04
1.65608203e+06 1.58435000e-04
1.65618067e+06 1.54901000e-04
1.65634766e+06 1.49861000e-04
1.65779492e+06 1.09443000e-04
1.65795312e+06 1.05536000e-04
1.65807031e+06 1.03200000e-04
1.65826660e+06 1.00225000e-04
1.65970703e+06 8.12573000e-05
1.65993750e+06 7.85611000e-05
1.66003906e+06 7.76873000e-05
1.66023438e+06 7.66245000e-05
1.66977051e+06 4.48487000e-05
1.66992188e+06 4.44329000e-05
1.67009375e+06 4.42003000e-05
1.67976794e+06 4.88240000e-05
1.68000012e+06 4.91400000e-05
1.68007812e+06 4.93655000e-05
1.68144922e+06 5.52192000e-05
1.68190625e+06 5.74096000e-05
1.68206250e+06 5.85623000e-05
1.68212500e+06 5.91459000e-05
1.68356055e+06 7.48292000e-05
1.68376562e+06 7.71679000e-05
1.68387109e+06 7.86873000e-05
1.68396875e+06 8.05925000e-05
1.68403125e+06 8.21661000e-05
1.68412500e+06 8.50515000e-05
1.68425098e+06 8.95793000e-05
1.68489859e+06 1.14950000e-04
1.68567725e+06 1.45720000e-04
1.68578601e+06 1.50481000e-04
1.68587500e+06 1.55214000e-04
1.68593750e+06 1.59448000e-04
1.68600781e+06 1.65451000e-04
1.68606250e+06 1.71104000e-04
1.68613184e+06 1.79392000e-04
1.68620642e+06 1.89342000e-04
1.68640717e+06 2.18248000e-04
1.68668091e+06 2.58867000e-04
1.68677075e+06 2.73786000e-04
1.68682129e+06 2.83630000e-04
1.68686719e+06 2.94168000e-04
1.68690625e+06 3.04789000e-04
1.68695117e+06 3.19349000e-04
1.68698242e+06 3.31158000e-04
1.68701758e+06 3.46190000e-04
1.68706250e+06 3.68071000e-04
1.68710156e+06 3.89365000e-04
1.68714844e+06 4.17284000e-04
1.68721875e+06 4.62731000e-04
1.68734207e+06 5.47678000e-04
1.68754179e+06 6.89415000e-04
1.68760524e+06 7.36061000e-04
1.68765106e+06 7.72173000e-04
1.68769336e+06 8.09687000e-04
1.68772632e+06 8.43928000e-04
1.68775195e+06 8.75251000e-04
1.68777319e+06 9.05459000e-04
1.68779297e+06 9.37984000e-04
1.68781055e+06 9.71214000e-04
1.68782617e+06 1.00475100e-03
1.68784375e+06 1.04765300e-03
1.68785938e+06 1.09098200e-03
1.68787500e+06 1.13976600e-03
1.68789063e+06 1.19454100e-03
1.68790527e+06 1.25179400e-03
1.68792090e+06 1.31962100e-03
1.68793848e+06 1.40479700e-03
1.68795605e+06 1.49988000e-03
1.68797363e+06 1.60530300e-03
1.68799121e+06 1.72134500e-03
1.68800938e+06 1.85257000e-03
1.68802812e+06 2.00010400e-03
1.68804688e+06 2.15970600e-03
1.68806406e+06 2.31629900e-03
1.68809062e+06 2.57663100e-03
1.68811562e+06 2.84039800e-03
1.68814531e+06 3.17442800e-03
1.68817695e+06 3.55140000e-03
1.68821387e+06 4.01277600e-03
1.68826726e+06 4.70922100e-03
1.68834098e+06 5.70610800e-03
1.68840624e+06 6.62026300e-03
1.68844975e+06 7.26621800e-03
1.68848237e+06 7.79451600e-03
1.68850252e+06 8.15343500e-03
1.68852266e+06 8.55008900e-03
1.68854199e+06 8.98011000e-03
1.68855811e+06 9.38771400e-03
1.68857261e+06 9.80376600e-03
1.68858711e+06 1.02778110e-02
1.68859964e+06 1.07438710e-02
1.68861128e+06 1.12332010e-02
1.68862207e+06 1.17427010e-02
1.68863203e+06 1.22678110e-02
1.68864375e+06 1.29623190e-02
1.68865312e+06 1.35853810e-02
1.68866211e+06 1.42454450e-02
1.68867344e+06 1.51752720e-02
1.68868242e+06 1.59984270e-02
1.68869063e+06 1.68225900e-02
1.68869942e+06 1.77891170e-02
1.68870723e+06 1.87262950e-02
1.68871563e+06 1.98219450e-02
1.68872500e+06 2.11603940e-02
1.68873399e+06 2.25653820e-02
1.68874258e+06 2.40288600e-02
1.68875098e+06 2.55786600e-02
1.68876211e+06 2.78254590e-02
1.68877266e+06 3.01681460e-02
1.68878320e+06 3.27298430e-02
1.68879024e+06 3.45638810e-02
1.68880000e+06 3.72838150e-02
1.68880938e+06 4.00883170e-02
1.68881875e+06 4.30852460e-02
1.68882812e+06 4.62761240e-02
1.68883750e+06 4.96606900e-02
1.68885156e+06 5.50954410e-02
1.68886562e+06 6.09433400e-02
1.68888281e+06 6.86100230e-02
1.68890156e+06 7.75354870e-02
1.68892344e+06 8.85025610e-02
1.68897129e+06 1.13087519e-01
1.68899434e+06 1.24280124e-01
1.68901094e+06 1.31686575e-01
1.68902461e+06 1.37221884e-01
1.68904219e+06 1.43419269e-01
1.68905625e+06 1.47514727e-01
1.68907031e+06 1.50753569e-01
1.68908438e+06 1.53069280e-01
1.68910020e+06 1.54513338e-01
1.68910859e+06 1.54767370e-01
1.68912442e+06 1.54273957e-01
1.68913672e+06 1.53022135e-01
1.68915078e+06 1.50691560e-01
1.68916328e+06 1.47853613e-01
1.68917500e+06 1.44582321e-01
1.68918867e+06 1.40083165e-01
1.68920469e+06 1.33989826e-01
1.68922442e+06 1.25484180e-01
1.68924854e+06 1.14009486e-01
1.68930469e+06 8.57142650e-02
1.68932578e+06 7.54803100e-02
1.68933984e+06 6.89868510e-02
1.68935625e+06 6.18268990e-02
1.68937031e+06 5.60909300e-02
1.68938438e+06 5.07540560e-02
1.68939375e+06 4.74253160e-02
1.68940469e+06 4.37766380e-02
1.68941524e+06 4.04978680e-02
1.68942578e+06 3.74514030e-02
1.68943633e+06 3.46321620e-02
1.68944688e+06 3.20331350e-02
1.68945625e+06 2.99008520e-02
1.68946563e+06 2.79288700e-02
1.68947500e+06 2.61096580e-02
1.68948496e+06 2.43351750e-02
1.68949287e+06 2.30358730e-02
1.68950078e+06 2.18282340e-02
1.68951133e+06 2.03517010e-02
1.68952188e+06 1.90169580e-02
1.68953242e+06 1.78116860e-02
1.68954180e+06 1.68399420e-02
1.68955117e+06 1.59536330e-02
1.68956172e+06 1.50493660e-02
1.68957402e+06 1.41053910e-02
1.68958413e+06 1.34095190e-02
1.68959512e+06 1.27247590e-02
1.68960713e+06 1.20511870e-02
1.68962031e+06 1.13898370e-02
1.68963613e+06 1.06866000e-02
1.68965020e+06 1.01300500e-02
1.68966426e+06 9.62617400e-03
1.68968008e+06 9.11058200e-03
1.68970117e+06 8.48922700e-03
1.68972578e+06 7.83530700e-03
1.68975369e+06 7.15906700e-03
1.68978467e+06 6.46526300e-03
1.68981433e+06 5.84322900e-03
1.68984466e+06 5.24418800e-03
1.68987212e+06 4.73332200e-03
1.68989944e+06 4.25705200e-03
1.68992500e+06 3.84267000e-03
1.68994609e+06 3.52521000e-03
1.68996719e+06 3.23116000e-03
1.68998242e+06 3.03384700e-03
1.68999727e+06 2.85394100e-03
1.69001562e+06 2.64838900e-03
1.69003320e+06 2.46902400e-03
1.69005078e+06 2.30639900e-03
1.69006836e+06 2.15994400e-03
1.69008594e+06 2.02890600e-03
1.69010156e+06 1.92463100e-03
1.69011719e+06 1.83107600e-03
1.69013281e+06 1.74744400e-03
1.69015039e+06 1.66417200e-03
1.69016650e+06 1.59689200e-03
1.69018359e+06 1.53391100e-03
1.69020117e+06 1.47699600e-03
1.69022070e+06 1.42175300e-03
1.69024219e+06 1.36905000e-03
1.69026562e+06 1.31925100e-03
1.69029688e+06 1.26219200e-03
1.69032961e+06 1.21035400e-03
1.69036853e+06 1.15521700e-03
1.69045258e+06 1.04717100e-03
1.69069158e+06 7.55916000e-04
1.69078487e+06 6.45990000e-04
1.69084509e+06 5.79148000e-04
1.69088672e+06 5.36197000e-04
1.69092285e+06 5.01766000e-04
1.69095410e+06 4.74488000e-04
1.69098633e+06 4.49027000e-04
1.69101563e+06 4.28332000e-04
1.69105078e+06 4.06573000e-04
1.69107422e+06 3.93856000e-04
1.69110547e+06 3.78947000e-04
1.69114062e+06 3.64644000e-04
1.69117578e+06 3.52507000e-04
1.69121973e+06 3.39659000e-04
1.69126907e+06 3.27342000e-04
1.69134427e+06 3.10905000e-04
1.69158765e+06 2.62067000e-04
1.69175549e+06 2.29232000e-04
1.69183203e+06 2.14998000e-04
1.69190625e+06 2.02395000e-04
1.69196094e+06 1.94231000e-04
1.69201172e+06 1.87681000e-04
1.69206250e+06 1.82158000e-04
1.69211524e+06 1.77419000e-04
1.69218359e+06 1.72473000e-04
1.69227789e+06 1.67005000e-04
1.69252414e+06 1.54693000e-04
1.69373218e+06 9.66005000e-05
1.69386524e+06 9.06346000e-05
1.69393750e+06 8.77962000e-05
1.69402539e+06 8.49591000e-05
1.69409424e+06 8.32351000e-05
1.69418164e+06 8.15641000e-05
1.69437280e+06 7.88536000e-05
1.69577539e+06 6.07112000e-05
1.69596875e+06 5.85136000e-05
1.69609375e+06 5.74392000e-05
1.69700000e+06 5.24251000e-05
1.69793750e+06 4.75599000e-05
1.69800000e+06 4.73075000e-05
1.69900000e+06 4.44009000e-05
1.70000000e+06 4.19002000e-05
1.70375000e+06 3.86142000e-05
1.71000000e+06 3.35541000e-05
1.72000000e+06 3.15758000e-05
1.74000000e+06 3.03244000e-05
1.76000000e+06 2.98312000e-05
1.80000000e+06 2.92720000e-05
1.81993750e+06 2.93310000e-05
1.82200000e+06 2.95659000e-05
1.82400000e+06 3.00638000e-05
1.82600000e+06 3.11293000e-05
1.82800000e+06 3.35066000e-05
1.82950000e+06 3.71914000e-05
1.83000000e+06 3.85976000e-05
1.83193750e+06 4.58556000e-05
1.83212500e+06 4.62397000e-05
1.83372656e+06 4.72358000e-05
1.83393750e+06 4.72685000e-05
1.83413086e+06 4.70124000e-05
1.83600000e+06 4.22707000e-05
1.83800000e+06 3.80643000e-05
1.84000000e+06 3.54934000e-05
1.84200000e+06 3.39543000e-05
1.84400000e+06 3.29787000e-05
1.84600000e+06 3.23124000e-05
1.84800000e+06 3.18484000e-05
1.85100000e+06 3.13701000e-05
1.85500000e+06 3.09486000e-05
1.86100000e+06 3.05527000e-05
1.87000000e+06 3.02218000e-05
1.88500000e+06 2.99211000e-05
1.90000000e+06 2.97407000e-05
2.00000000e+06 2.91022000e-05
2.10000000e+06 3.02076000e-05
2.31073252e+06 3.08841000e-05
2.48572993e+06 3.16649000e-05
2.65541102e+06 3.26447000e-05
2.87984583e+06 3.42521000e-05
3.00000000e+06 3.52389000e-05
3.59980729e+06 4.15670000e-05
4.50000000e+06 5.20498000e-05
5.00000000e+06 5.68314000e-05
5.50000000e+06 5.94075000e-05
6.00000000e+06 5.97322000e-05
6.50000000e+06 5.87926000e-05
7.00000000e+06 4.98430000e-05
7.50000000e+06 4.68922000e-05
8.00000000e+06 4.28152000e-05
8.50000000e+06 4.02540000e-05
9.38678136e+06 3.71143000e-05
1.00000000e+07 3.50920000e-05
1.01410820e+07 3.47780000e-05
1.02841544e+07 3.44599000e-05
1.04292453e+07 3.41374000e-05
1.05000000e+07 3.39801000e-05
1.06481361e+07 3.36108000e-05
1.07983621e+07 3.32363000e-05
1.09507076e+07 3.28565000e-05
1.09507076e+07 3.28565000e-05
1.10000000e+07 3.27336000e-05
1.11551902e+07 3.23934000e-05
1.13125698e+07 3.20484000e-05
1.14721698e+07 3.16985000e-05
1.15000000e+07 3.16375000e-05
1.16622443e+07 3.13199000e-05
1.18267776e+07 3.09977000e-05
1.19936321e+07 3.06711000e-05
1.20000000e+07 3.06586000e-05
1.21692984e+07 3.03047000e-05
1.23409853e+07 2.99457000e-05
1.25000000e+07 2.96133000e-05
1.26763525e+07 2.93352000e-05
1.28551930e+07 2.90531000e-05
1.30000000e+07 2.88247000e-05
1.31834066e+07 2.86547000e-05
1.33694007e+07 2.84823000e-05
1.35000000e+07 2.83613000e-05
1.36904607e+07 2.83566000e-05
1.38836085e+07 2.83519000e-05
1.40000000e+07 2.83490000e-05
1.41975148e+07 2.85455000e-05
1.43978162e+07 2.87448000e-05
1.45000000e+07 2.88465000e-05
1.47045689e+07 2.92853000e-05
1.49120239e+07 2.97302000e-05
1.50000000e+07 2.99189000e-05
1.52116230e+07 3.06840000e-05
1.54262316e+07 3.14598000e-05
1.55000000e+07 3.17265000e-05
1.57186771e+07 3.27922000e-05
1.59404393e+07 3.38728000e-05
1.60000000e+07 3.41631000e-05
1.62257312e+07 3.55812000e-05
1.64546471e+07 3.70193000e-05
1.65000000e+07 3.73042000e-05
1.67327853e+07 3.93391000e-05
1.69688548e+07 4.14027000e-05
1.70000000e+07 4.16750000e-05
1.72398394e+07 4.43651000e-05
1.74830625e+07 4.70932000e-05
1.75000000e+07 4.72832000e-05
1.77468935e+07 5.08644000e-05
1.79972702e+07 5.44962000e-05
1.80000000e+07 5.45358000e-05
1.82539476e+07 5.91760000e-05
1.85000000e+07 6.36720000e-05
1.87610017e+07 6.96605000e-05
1.90000000e+07 7.51442000e-05
1.92680558e+07 8.24795000e-05
1.95000000e+07 8.88267000e-05
1.97751099e+07 9.76419000e-05
2.00000000e+07 1.04848000e-04
2.02821640e+07 1.15276000e-04
2.05683088e+07 1.25851000e-04
2.08584906e+07 1.36576000e-04
2.11527664e+07 1.47451000e-04
2.14511939e+07 1.58480000e-04
2.17538316e+07 1.69665000e-04
2.20000000e+07 1.78763000e-04
2.23103804e+07 1.82456000e-04
2.26251397e+07 1.86201000e-04
2.29443397e+07 1.89999000e-04
2.32680430e+07 1.93851000e-04
2.32680430e+07 1.93851000e-04
2.35963132e+07 1.97757000e-04
2.39292148e+07 2.01718000e-04
2.40000000e+07 2.02560000e-04
2.43385968e+07 1.96664000e-04
2.46819706e+07 1.90684000e-04
2.50301888e+07 1.84620000e-04
2.53833197e+07 1.78471000e-04
2.57414326e+07 1.72235000e-04
2.60000000e+07 1.67732000e-04
2.63668132e+07 1.59846000e-04
2.67388015e+07 1.51848000e-04
2.71160378e+07 1.43738000e-04
2.74985963e+07 1.35513000e-04
2.74985963e+07 1.35513000e-04
2.78865520e+07 1.27172000e-04
2.80000000e+07 1.24733000e-04
2.83950296e+07 1.17853000e-04
2.87956324e+07 1.10877000e-04
2.92018869e+07 1.03802000e-04
2.96138730e+07 9.66271000e-05
3.00000000e+07 8.99026000e-05
3.00000100e+07 0.00000000e+00
3.04232561e+07 0.00000000e+00
3.08524735e+07 0.00000000e+00
3.12877464e+07 0.00000000e+00
3.17291602e+07 0.00000000e+00
3.21768015e+07 0.00000000e+00
3.26307583e+07 0.00000000e+00
3.30911195e+07 0.00000000e+00
3.30911195e+07 0.00000000e+00
3.35579757e+07 0.00000000e+00
3.40314183e+07 0.00000000e+00
3.45115404e+07 0.00000000e+00
3.49984361e+07 0.00000000e+00
3.54922010e+07 0.00000000e+00
3.59929321e+07 0.00000000e+00
3.65007275e+07 0.00000000e+00
3.70156871e+07 0.00000000e+00
3.75379118e+07 0.00000000e+00
3.80675042e+07 0.00000000e+00
3.86045682e+07 0.00000000e+00
3.91492091e+07 0.00000000e+00
3.97015340e+07 0.00000000e+00
4.02616512e+07 0.00000000e+00
4.08296706e+07 0.00000000e+00
4.14057038e+07 0.00000000e+00
4.19898637e+07 0.00000000e+00
4.25822651e+07 0.00000000e+00
4.31830242e+07 0.00000000e+00
4.37922590e+07 0.00000000e+00
4.44100889e+07 0.00000000e+00
4.50366353e+07 0.00000000e+00
4.56720212e+07 0.00000000e+00
4.63163712e+07 0.00000000e+00
4.69698118e+07 0.00000000e+00
4.76324713e+07 0.00000000e+00
4.83044798e+07 0.00000000e+00
4.89859690e+07 0.00000000e+00
4.96770729e+07 0.00000000e+00
5.03779270e+07 0.00000000e+00
5.10886688e+07 0.00000000e+00
5.18094380e+07 0.00000000e+00
5.25403759e+07 0.00000000e+00
5.32816260e+07 0.00000000e+00
5.40333339e+07 0.00000000e+00
5.47956469e+07 0.00000000e+00
5.55687149e+07 0.00000000e+00
5.63526894e+07 0.00000000e+00
5.71477244e+07 0.00000000e+00
5.79539760e+07 0.00000000e+00
5.87716022e+07 0.00000000e+00
5.96007638e+07 0.00000000e+00
6.04416233e+07 0.00000000e+00
6.12943458e+07 0.00000000e+00
6.21590987e+07 0.00000000e+00
6.30360517e+07 0.00000000e+00
6.39253769e+07 0.00000000e+00
6.48272489e+07 0.00000000e+00
6.48272489e+07 0.00000000e+00
6.57418447e+07 0.00000000e+00
6.66693438e+07 0.00000000e+00
6.76099282e+07 0.00000000e+00
6.85637826e+07 0.00000000e+00
6.95310942e+07 0.00000000e+00
7.05120527e+07 0.00000000e+00
7.15068509e+07 0.00000000e+00
7.25156838e+07 0.00000000e+00
7.35387496e+07 0.00000000e+00
7.45762490e+07 0.00000000e+00
7.56283856e+07 0.00000000e+00
7.66953660e+07 0.00000000e+00
7.77773996e+07 0.00000000e+00
7.88746987e+07 0.00000000e+00
7.99874787e+07 0.00000000e+00
8.11159581e+07 0.00000000e+00
8.22603582e+07 0.00000000e+00
8.34209038e+07 0.00000000e+00
8.45978226e+07 0.00000000e+00
8.57913456e+07 0.00000000e+00
8.70017071e+07 0.00000000e+00
8.82291445e+07 0.00000000e+00
8.82291445e+07 0.00000000e+00
8.94738990e+07 0.00000000e+00
9.07362146e+07 0.00000000e+00
9.07362146e+07 0.00000000e+00
9.20163393e+07 0.00000000e+00
9.33145242e+07 0.00000000e+00
9.46310242e+07 0.00000000e+00
9.59660976e+07 0.00000000e+00
9.73200065e+07 0.00000000e+00
9.86930166e+07 0.00000000e+00
1.00085397e+08 0.00000000e+00
1.01497422e+08 0.00000000e+00
1.02929368e+08 0.00000000e+00
1.02929368e+08 0.00000000e+00
1.04381516e+08 0.00000000e+00
1.05854152e+08 0.00000000e+00
1.07347563e+08 0.00000000e+00
1.08862044e+08 0.00000000e+00
1.10397892e+08 0.00000000e+00
1.11955407e+08 0.00000000e+00
1.13534896e+08 0.00000000e+00
1.15136669e+08 0.00000000e+00
1.16761040e+08 0.00000000e+00
1.18408329e+08 0.00000000e+00
1.20078857e+08 0.00000000e+00
1.21772954e+08 0.00000000e+00
1.23490951e+08 0.00000000e+00
1.25233186e+08 0.00000000e+00
1.27000000e+08 0.00000000e+00
1.27000001e+08 0.00000000e+00
1.28791742e+08 0.00000000e+00
1.30608762e+08 0.00000000e+00
1.32451416e+08 0.00000000e+00
1.34320067e+08 0.00000000e+00
1.36215082e+08 0.00000000e+00
1.38136831e+08 0.00000000e+00
1.40085693e+08 0.00000000e+00
1.42062050e+08 0.00000000e+00
1.44066290e+08 0.00000000e+00
1.46098806e+08 0.00000000e+00
1.46098806e+08 0.00000000e+00
1.48159997e+08 0.00000000e+00
1.50000000e+08 0.00000000e+00
