244
1.84310000e+06 0.00000000e+00
1.84340000e+06 6.50548000e-02
1.84390000e+06 1.26868000e-01
1.85770000e+06 5.41928000e-01
1.86290000e+06 4.36984000e-01
1.86730000e+06 2.23973000e-01
1.89760000e+06 6.57834000e-02
1.90280000e+06 9.86751000e-02
1.92100000e+06 3.97832000e-01
1.94360000e+06 2.25545000e-01
1.97220000e+06 2.00477000e-01
1.99730000e+06 1.00241000e-01
2.03280000e+06 8.61444000e-02
2.04930000e+06 1.58191000e-01
2.05800000e+06 3.39879000e-01
2.06400000e+06 4.24461000e-01
2.07010000e+06 2.72525000e-01
2.07360000e+06 2.30240000e-01
2.08660000e+06 4.38556000e-01
2.09440000e+06 4.04098000e-01
2.09870000e+06 1.66020000e-01
2.10560000e+06 9.08436000e-02
2.11520000e+06 3.30478000e-01
2.12120000e+06 3.74336000e-01
2.13420000e+06 1.14334000e-01
2.16280000e+06 1.25306000e-01
2.17930000e+06 2.27106000e-01
2.19490000e+06 2.02049000e-01
2.21220000e+06 2.96021000e-01
2.21660000e+06 4.77708000e-01
2.22440000e+06 7.86263000e-01
2.22960000e+06 7.28310000e-01
2.23560000e+06 3.24211000e-01
2.24950000e+06 2.11450000e-01
2.25900000e+06 2.67830000e-01
2.26860000e+06 5.99881000e-01
2.27550000e+06 9.27226000e-01
2.28330000e+06 7.98797000e-01
2.29280000e+06 4.60479000e-01
2.30500000e+06 2.78792000e-01
2.33140000e+06 2.89450000e-01
2.35630000e+06 4.28527000e-01
2.37040000e+06 7.34891000e-01
2.37690000e+06 7.12339000e-01
2.38780000e+06 3.98460000e-01
2.40290000e+06 3.43955000e-01
2.42570000e+06 4.00336000e-01
2.44190000e+06 7.10452000e-01
2.45930000e+06 5.30023000e-01
2.46250000e+06 3.60870000e-01
2.47660000e+06 4.04098000e-01
2.48530000e+06 5.18747000e-01
2.49390000e+06 6.44671000e-01
2.50690000e+06 4.39803000e-01
2.52860000e+06 2.21783000e-01
2.55140000e+06 2.65011000e-01
2.56540000e+06 3.15754000e-01
2.57840000e+06 2.42459000e-01
2.59900000e+06 3.62745000e-01
2.62290000e+06 1.57877000e-01
2.63340000e+06 2.12382000e-01
2.64100000e+06 1.59764000e-01
2.66070000e+06 2.91326000e-01
2.67280000e+06 2.91326000e-01
2.67960000e+06 2.21783000e-01
2.69930000e+06 3.36431000e-01
2.71300000e+06 2.12382000e-01
2.73800000e+06 3.45831000e-01
2.76460000e+06 3.13878000e-01
2.78880000e+06 3.92822000e-01
2.80860000e+06 3.43955000e-01
2.82750000e+06 4.51079000e-01
2.84270000e+06 7.16101000e-01
2.85410000e+06 8.94655000e-01
2.86390000e+06 1.03186000e+00
2.87680000e+06 8.06310000e-01
2.88890000e+06 4.71755000e-01
2.90340000e+06 3.62745000e-01
2.91630000e+06 3.68383000e-01
2.93900000e+06 5.33785000e-01
2.96550000e+06 1.69153000e-01
2.98530000e+06 2.08631000e-01
3.04210000e+06 3.58983000e-01
3.06390000e+06 5.88290000e-01
3.08450000e+06 3.15754000e-01
3.10510000e+06 5.78890000e-01
3.11650000e+06 7.93159000e-01
3.13490000e+06 6.87900000e-01
3.17060000e+06 4.24775000e-01
3.20100000e+06 4.21013000e-01
3.21940000e+06 5.67614000e-01
3.23130000e+06 8.72092000e-01
3.23620000e+06 9.54798000e-01
3.24760000e+06 8.51426000e-01
3.26330000e+06 5.75127000e-01
3.29040000e+06 6.82262000e-01
3.32670000e+06 4.99957000e-01
3.36110000e+06 6.18356000e-01
3.40530000e+06 4.92432000e-01
3.42870000e+06 6.27757000e-01
3.44690000e+06 4.45441000e-01
3.47550000e+06 3.13878000e-01
3.49500000e+06 3.40193000e-01
3.51840000e+06 4.83032000e-01
3.53400000e+06 6.84148000e-01
3.57430000e+06 3.64621000e-01
3.63800000e+06 1.44725000e-01
3.67440000e+06 1.69153000e-01
3.71990000e+06 4.04098000e-01
3.75240000e+06 6.63472000e-01
3.77450000e+06 7.98797000e-01
3.79660000e+06 4.66117000e-01
3.81350000e+06 7.83758000e-01
3.86530000e+06 3.96574000e-01
3.88480000e+06 3.87184000e-01
3.92380000e+06 6.29643000e-01
3.93940000e+06 9.11569000e-01
3.96870000e+06 4.07850000e-01
4.06130000e+06 5.56337000e-01
4.09640000e+06 4.66117000e-01
4.13640000e+06 6.16481000e-01
4.18610000e+06 4.81156000e-01
4.25930000e+06 9.77350000e-01
4.28360000e+06 5.46937000e-01
4.30900000e+06 3.89060000e-01
4.34210000e+06 6.46558000e-01
4.38410000e+06 7.93159000e-01
4.46210000e+06 4.79280000e-01
4.50300000e+06 4.94308000e-01
4.52600000e+06 9.67950000e-01
4.57260000e+06 3.64621000e-01
4.66360000e+06 8.15711000e-01
4.72320000e+06 9.32235000e-01
4.77740000e+06 9.07807000e-01
4.78345600e+06 8.51420423e-01
4.80990000e+06 6.07511481e-01
4.84240000e+06 6.19748404e-01
4.86400000e+06 8.34015202e-01
4.89650000e+06 7.89860125e-01
4.95400000e+06 4.50932527e-01
5.02980000e+06 6.92481771e-01
5.11110000e+06 7.39041941e-01
5.15010000e+06 9.11609049e-01
5.15850000e+06 9.05230215e-01
5.19450000e+06 8.81675993e-01
5.21720000e+06 1.04392057e+00
5.27250000e+06 7.50080087e-01
5.35210000e+06 6.97051220e-01
5.37540000e+06 6.80830607e-01
5.40010000e+06 7.73186600e-01
5.44950000e+06 5.71330585e-01
5.49500000e+06 8.01120256e-01
5.50000000e+06 8.01517079e-01
5.60810000e+06 8.02176864e-01
5.63410000e+06 7.08950174e-01
5.69000000e+06 7.21761393e-01
5.72120000e+06 1.07068717e+00
5.77060000e+06 1.05472806e+00
5.81740000e+06 8.45888216e-01
5.83480000e+06 8.33917379e-01
6.00000000e+06 7.15869966e-01
6.00990000e+06 7.08493034e-01
6.05670000e+06 9.36421845e-01
6.08660000e+06 6.87470502e-01
6.22210000e+06 6.83615129e-01
6.23610000e+06 6.83112871e-01
6.27250000e+06 8.95629098e-01
6.30630000e+06 6.83837522e-01
6.38820000e+06 8.09191281e-01
6.46440000e+06 6.73286167e-01
6.50000000e+06 7.68679835e-01
6.50226800e+06 7.74723713e-01
6.52450000e+06 8.37043004e-01
6.59260000e+06 6.20758010e-01
6.70890000e+06 9.43335300e-01
6.71070000e+06 9.36946162e-01
6.77300000e+06 7.14901672e-01
6.93220000e+06 6.30673050e-01
6.93740000e+06 6.28263399e-01
7.00000000e+06 7.45781650e-01
7.00150000e+06 7.48347557e-01
7.04960000e+06 1.02636070e+00
7.10980000e+06 6.58467819e-01
7.12700000e+06 6.43670554e-01
7.13736900e+06 6.36062678e-01
7.16190000e+06 6.19841314e-01
7.21400000e+06 9.31524680e-01
7.21720000e+06 9.17286361e-01
7.26610000e+06 6.98804700e-01
7.50000000e+06 7.50254239e-01
7.51460000e+06 7.50658626e-01
7.55000000e+06 7.96019502e-01
7.57880000e+06 8.32388798e-01
7.64710000e+06 7.05839831e-01
7.68300000e+06 6.42158153e-01
7.68440000e+06 6.43215312e-01
7.80330000e+06 7.42565344e-01
7.90750000e+06 7.35278036e-01
7.96760000e+06 8.56011370e-01
8.00000000e+06 8.45950795e-01
8.03000000e+06 8.31444244e-01
8.07180000e+06 8.11262029e-01
8.08017700e+06 8.00177021e-01
8.17610000e+06 6.78064241e-01
8.21900000e+06 6.72165020e-01
8.50000000e+06 6.49688437e-01
8.55676100e+06 6.37444475e-01
8.56000000e+06 6.36870024e-01
8.58490000e+06 6.32530595e-01
8.62824900e+06 6.05848043e-01
8.71630000e+06 5.54201290e-01
8.74530000e+06 5.38291295e-01
8.85100000e+06 6.57477727e-01
8.89865900e+06 7.11326498e-01
8.98180000e+06 8.08935471e-01
9.00000000e+06 7.82466583e-01
9.13010000e+06 5.80013879e-01
9.22500000e+06 6.24278898e-01
9.32447600e+06 6.73437262e-01
9.33860000e+06 6.80718266e-01
9.50000000e+06 6.86385699e-01
9.57510000e+06 6.86000735e-01
9.80000000e+06 6.69875079e-01
9.81260000e+06 6.68975741e-01
1.00000000e+07 6.65150751e-01
1.09530000e+07 6.37971258e-01
1.10000000e+07 6.37807831e-01
1.20000000e+07 6.28012056e-01
1.24450000e+07 6.15743640e-01
1.30000000e+07 6.03363473e-01
1.40000000e+07 5.22370967e-01
1.45000000e+07 4.82557763e-01
1.45120000e+07 4.81704938e-01
1.50000000e+07 4.52549069e-01
1.60000000e+07 3.93746737e-01
1.61320000e+07 3.88846932e-01
1.70000000e+07 3.58029415e-01
1.75000000e+07 3.40456239e-01
1.80000000e+07 3.38472384e-01
1.81470000e+07 3.37940139e-01
1.90000000e+07 3.35448560e-01
2.00000000e+07 3.32701100e-01
2.00000100e+07 0.00000000e+00
1.50000000e+08 0.00000000e+00
