45
1.31730000e+06 0.00000000e+00
1.50000000e+06 2.59020000e-01
1.75000000e+06 3.88460000e-01
2.00000000e+06 4.36750000e-01
2.09859300e+06 4.29887927e-01
2.25000000e+06 5.42830000e-01
2.50000000e+06 6.09710000e-01
2.51040000e+06 6.08902544e-01
2.75000000e+06 7.03780000e-01
3.00000000e+06 7.49300000e-01
3.17376000e+06 7.40980371e-01
3.50000000e+06 8.28770000e-01
3.74910000e+06 8.28894550e-01
4.00000000e+06 8.80106000e-01
4.22200000e+06 8.73969476e-01
4.50000000e+06 9.09367000e-01
4.90600000e+06 9.07125068e-01
5.00000000e+06 9.12928700e-01
5.00847700e+06 9.11176068e-01
5.06539100e+06 9.03183694e-01
5.10574900e+06 9.02309812e-01
5.43790000e+06 9.33650455e-01
5.47000000e+06 9.38778983e-01
5.50000000e+06 9.47137900e-01
5.84870000e+06 9.44002459e-01
6.00000000e+06 9.49010400e-01
6.01530000e+06 9.47271084e-01
6.20885500e+06 9.35955251e-01
6.50000000e+06 9.38841000e-01
7.00000000e+06 9.32943000e-01
7.50000000e+06 9.26887000e-01
8.00000000e+06 9.16855000e-01
8.50000000e+06 8.01300000e-01
9.00000000e+06 7.52867000e-01
9.50000000e+06 7.07324000e-01
1.00000000e+07 6.67591000e-01
1.10000000e+07 6.11661000e-01
1.20000000e+07 5.70289000e-01
1.30000000e+07 5.37563000e-01
1.45000000e+07 4.80456000e-01
1.60000000e+07 4.05425200e-01
1.75000000e+07 3.33034000e-01
2.00000000e+07 2.39459300e-01
2.00000100e+07 0.00000000e+00
1.50000000e+08 0.00000000e+00
