33
2.31020000e+06 0.00000000e+00
2.50000000e+06 2.71200000e-01
2.75000000e+06 3.86440000e-01
3.00000000e+06 4.41860000e-01
3.50000000e+06 4.99630000e-01
3.61570000e+06 4.83036306e-01
3.89686800e+06 5.86909477e-01
3.91547300e+06 6.02938641e-01
4.00000000e+06 6.94740000e-01
4.50000000e+06 8.06664000e-01
4.97080000e+06 8.24254030e-01
4.99250000e+06 8.38377586e-01
5.00000000e+06 8.50267900e-01
5.16826000e+06 8.67025620e-01
5.50000000e+06 9.43135000e-01
6.00000000e+06 9.99642000e-01
6.50000000e+06 1.03925500e+00
7.00000000e+06 1.06551800e+00
7.50000000e+06 1.08299100e+00
8.00000000e+06 1.09419400e+00
8.50000000e+06 1.10102600e+00
9.00000000e+06 1.10545300e+00
9.50000000e+06 1.10885600e+00
1.00000000e+07 1.11039500e+00
1.10000000e+07 1.09502180e+00
1.20000000e+07 9.64745600e-01
1.30000000e+07 7.67825700e-01
1.45000000e+07 5.16030800e-01
1.60000000e+07 3.49850600e-01
1.75000000e+07 2.48853500e-01
2.00000000e+07 1.69196590e-01
2.00000100e+07 0.00000000e+00
1.50000000e+08 0.00000000e+00
