97
1.00000000e-05 2.42985000e+00
2.53000000e-02 2.42985000e+00
2.00000000e-01 2.42985000e+00
3.00000000e-01 2.43335000e+00
1.10500000e+00 2.43335000e+00
2.04000000e+00 2.35585000e+00
3.35000000e+00 2.42585000e+00
3.61000000e+00 2.42385000e+00
4.85000000e+00 2.37665000e+00
6.39000000e+00 2.38895000e+00
7.08000000e+00 2.40185000e+00
8.79000000e+00 2.39585000e+00
9.30000000e+00 2.39585000e+00
1.01600000e+01 2.38685000e+00
1.23900000e+01 2.39885000e+00
1.54500000e+01 2.39885000e+00
1.61000000e+01 2.39585000e+00
1.66700000e+01 2.40585000e+00
1.80500000e+01 2.39885000e+00
1.93000000e+01 2.39685000e+00
2.11000000e+01 2.40585000e+00
2.20000000e+01 2.42075000e+00
2.29500000e+01 2.42385000e+00
1.00000000e+02 2.43785000e+00
2.00000000e+02 2.44385000e+00
5.00000000e+02 2.44016000e+00
5.50000000e+02 2.44386000e+00
6.00000000e+02 2.43256000e+00
6.50000000e+02 2.41756000e+00
7.00000000e+02 2.43256000e+00
7.50000000e+02 2.45146000e+00
8.00000000e+02 2.42506000e+00
8.50000000e+02 2.40056000e+00
9.00000000e+02 2.41377000e+00
9.50000000e+02 2.41877000e+00
1.00000000e+03 2.41887000e+00
1.50000000e+03 2.43718000e+00
2.00000000e+03 2.43558000e+00
2.50000000e+03 2.44749000e+00
3.00000000e+03 2.42540000e+00
3.50000000e+03 2.40621000e+00
4.00000000e+03 2.40952000e+00
4.50000000e+03 2.40163000e+00
5.00000000e+03 2.41633000e+00
5.50000000e+03 2.42904000e+00
6.00000000e+03 2.42675000e+00
7.00000000e+03 2.42977000e+00
7.50000000e+03 2.42938000e+00
8.00000000e+03 2.43649000e+00
8.50000000e+03 2.44649000e+00
9.00000000e+03 2.43760000e+00
9.50000000e+03 2.43191000e+00
1.00000000e+04 2.43242000e+00
1.50000000e+04 2.42310000e+00
2.50000000e+04 2.42387000e+00
3.00000000e+04 2.41646000e+00
3.50000000e+04 2.40524000e+00
4.50000000e+04 2.42801000e+00
5.00000000e+04 2.41635000e+00
5.50000000e+04 2.40460000e+00
6.50000000e+04 2.43370000e+00
7.00000000e+04 2.41870000e+00
7.50000000e+04 2.39240000e+00
8.00000000e+04 2.43090000e+00
1.70000000e+05 2.46140000e+00
3.00000000e+05 2.47390000e+00
4.00000000e+05 2.47850000e+00
6.00000000e+05 2.49360000e+00
8.50000000e+05 2.50980000e+00
1.00000000e+06 2.51780000e+00
1.20000000e+06 2.54090000e+00
1.60000000e+06 2.59628000e+00
1.80000000e+06 2.61954000e+00
2.60000000e+06 2.72976000e+00
3.00000000e+06 2.77435000e+00
3.50000000e+06 2.83195000e+00
4.00000000e+06 2.90548000e+00
4.50000000e+06 2.98634000e+00
5.00000000e+06 3.04533000e+00
5.50000000e+06 3.14865000e+00
6.00000000e+06 3.23307000e+00
6.50000000e+06 3.35458000e+00
7.00000000e+06 3.44580000e+00
7.50000000e+06 3.50980000e+00
8.00000000e+06 3.56860000e+00
9.00000000e+06 3.69870000e+00
9.50000000e+06 3.76580000e+00
1.05000000e+07 3.89120000e+00
1.20000000e+07 4.11030000e+00
1.25000000e+07 4.19790000e+00
1.30000000e+07 4.28020000e+00
1.45000000e+07 4.46930000e+00
1.65000000e+07 4.76375000e+00
1.70000000e+07 4.83340000e+00
1.80000000e+07 4.96485000e+00
1.90000000e+07 5.09017000e+00
3.00000000e+07 6.24900000e+00
