817
7.36699680e+01 0.00000000e+00
7.45767917e+01 5.70980000e-32
7.46338149e+01 3.09620000e-31
7.46908380e+01 1.41050000e-30
7.46944020e+01 1.54190000e-30
7.46979659e+01 1.68440000e-30
7.47015299e+01 1.83890000e-30
7.47050938e+01 2.00630000e-30
7.47086578e+01 2.18740000e-30
7.47122217e+01 2.38340000e-30
7.47157857e+01 2.59510000e-30
7.47193496e+01 2.82390000e-30
7.47229136e+01 3.07080000e-30
7.47264775e+01 3.33710000e-30
7.47300415e+01 3.62420000e-30
7.47336054e+01 3.93340000e-30
7.47371694e+01 4.26620000e-30
7.47407333e+01 4.62420000e-30
7.47442973e+01 5.00900000e-30
7.47478612e+01 5.42230000e-30
7.47514252e+01 5.86590000e-30
7.47549891e+01 6.34180000e-30
7.47585531e+01 6.85200000e-30
7.47621170e+01 7.39840000e-30
7.47656810e+01 7.98340000e-30
7.47692449e+01 8.60910000e-30
7.47728089e+01 9.27810000e-30
7.47763728e+01 9.99270000e-30
7.47799368e+01 1.07560000e-29
7.47835007e+01 1.15690000e-29
7.47870647e+01 1.24370000e-29
7.47906286e+01 1.33610000e-29
7.47941926e+01 1.43460000e-29
7.47977565e+01 1.53930000e-29
7.48013205e+01 1.65060000e-29
7.48048844e+01 1.76890000e-29
7.48084483e+01 1.89450000e-29
7.48120123e+01 2.02780000e-29
7.48173582e+01 2.24290000e-29
7.48227041e+01 2.47750000e-29
7.48280501e+01 2.73290000e-29
7.48333960e+01 3.01050000e-29
7.48387419e+01 3.31190000e-29
7.48440878e+01 3.63860000e-29
7.48494338e+01 3.99220000e-29
7.48547797e+01 4.37440000e-29
7.48601256e+01 4.78680000e-29
7.48654715e+01 5.23120000e-29
7.48708175e+01 5.70960000e-29
7.48761634e+01 6.22360000e-29
7.48815093e+01 6.77520000e-29
7.48868552e+01 7.36630000e-29
7.48922011e+01 7.99890000e-29
7.48975471e+01 8.67490000e-29
7.49028930e+01 9.39640000e-29
7.49082389e+01 1.01650000e-28
7.49135848e+01 1.09840000e-28
7.49189308e+01 1.18540000e-28
7.49260587e+01 1.30980000e-28
7.49331866e+01 1.44420000e-28
7.49403145e+01 1.58910000e-28
7.49474423e+01 1.74510000e-28
7.49545702e+01 1.91250000e-28
7.49616981e+01 2.09190000e-28
7.49688260e+01 2.28390000e-28
7.49759539e+01 2.48880000e-28
7.49830818e+01 2.70730000e-28
7.49902097e+01 2.94000000e-28
7.49973376e+01 3.18740000e-28
7.50044655e+01 3.45030000e-28
7.50115934e+01 3.72950000e-28
7.50187213e+01 4.02590000e-28
7.50258492e+01 4.34060000e-28
7.50329771e+01 4.67510000e-28
7.50401050e+01 5.03100000e-28
7.50472329e+01 5.41050000e-28
7.50543608e+01 5.81640000e-28
7.50614887e+01 6.25190000e-28
7.50686166e+01 6.72160000e-28
7.50757445e+01 7.23100000e-28
7.50828724e+01 7.78730000e-28
7.50900003e+01 8.39940000e-28
7.50953462e+01 8.90210000e-28
7.51006921e+01 9.44860000e-28
7.51060381e+01 1.00460000e-27
7.51113840e+01 1.07040000e-27
7.51167299e+01 1.14310000e-27
7.51220758e+01 1.22410000e-27
7.51274217e+01 1.31470000e-27
7.51309857e+01 1.38140000e-27
7.51345496e+01 1.45370000e-27
7.51381136e+01 1.53250000e-27
7.51416775e+01 1.61830000e-27
7.51452415e+01 1.71200000e-27
7.51488054e+01 1.81470000e-27
7.51523694e+01 1.92740000e-27
7.51559333e+01 2.05120000e-27
7.51594973e+01 2.18760000e-27
7.51630612e+01 2.33800000e-27
7.51666252e+01 2.50410000e-27
7.51701891e+01 2.68790000e-27
7.51737531e+01 2.89140000e-27
7.51773170e+01 3.11710000e-27
7.51799900e+01 3.30250000e-27
7.51826629e+01 3.50300000e-27
7.51853359e+01 3.72010000e-27
7.51880089e+01 3.95520000e-27
7.51906818e+01 4.21000000e-27
7.51933548e+01 4.48610000e-27
7.51960278e+01 4.78540000e-27
7.51987007e+01 5.11000000e-27
7.52013737e+01 5.46220000e-27
7.52040466e+01 5.84440000e-27
7.52067196e+01 6.25920000e-27
7.52093926e+01 6.70950000e-27
7.52120655e+01 7.19850000e-27
7.52147385e+01 7.72940000e-27
7.52174115e+01 8.30620000e-27
7.52200844e+01 8.93260000e-27
7.52227574e+01 9.61320000e-27
7.52254303e+01 1.03530000e-26
7.52281033e+01 1.11560000e-26
7.52307763e+01 1.20290000e-26
7.52334492e+01 1.29780000e-26
7.52361222e+01 1.40080000e-26
7.52387952e+01 1.51290000e-26
7.52414681e+01 1.63460000e-26
7.52441411e+01 1.76690000e-26
7.52468140e+01 1.91060000e-26
7.52494870e+01 2.06680000e-26
7.52521600e+01 2.23660000e-26
7.52548329e+01 2.42110000e-26
7.52575059e+01 2.62150000e-26
7.52601788e+01 2.83930000e-26
7.52628518e+01 3.07590000e-26
7.52655247e+01 3.33290000e-26
7.52681977e+01 3.61220000e-26
7.52708707e+01 3.91550000e-26
7.52735436e+01 4.24500000e-26
7.52762166e+01 4.60290000e-26
7.52788896e+01 4.99160000e-26
7.52815625e+01 5.41370000e-26
7.52842355e+01 5.87200000e-26
7.52869084e+01 6.36970000e-26
7.52895814e+01 6.91000000e-26
7.52922544e+01 7.49660000e-26
7.52949273e+01 8.13340000e-26
7.52976003e+01 8.82450000e-26
7.53002733e+01 9.57460000e-26
7.53029462e+01 1.03890000e-25
7.53056192e+01 1.12720000e-25
7.53082921e+01 1.22300000e-25
7.53109651e+01 1.32700000e-25
7.53136381e+01 1.43980000e-25
7.53163110e+01 1.56220000e-25
7.53189840e+01 1.69490000e-25
7.53216569e+01 1.83880000e-25
7.53243299e+01 1.99490000e-25
7.53270029e+01 2.16410000e-25
7.53296758e+01 2.34750000e-25
7.53323488e+01 2.54640000e-25
7.53350218e+01 2.76190000e-25
7.53376947e+01 2.99560000e-25
7.53403677e+01 3.24870000e-25
7.53430406e+01 3.52310000e-25
7.53457136e+01 3.82030000e-25
7.53483866e+01 4.14230000e-25
7.53510595e+01 4.49120000e-25
7.53537325e+01 4.86900000e-25
7.53564054e+01 5.27820000e-25
7.53590784e+01 5.72140000e-25
7.53617514e+01 6.20120000e-25
7.53644243e+01 6.72070000e-25
7.53670973e+01 7.28310000e-25
7.53697703e+01 7.89190000e-25
7.53724432e+01 8.55080000e-25
7.53751162e+01 9.26390000e-25
7.53777891e+01 1.00350000e-24
7.53804621e+01 1.08700000e-24
7.53831351e+01 1.17740000e-24
7.53858080e+01 1.27510000e-24
7.53884810e+01 1.38080000e-24
7.53911539e+01 1.49510000e-24
7.53938269e+01 1.61870000e-24
7.53964999e+01 1.75240000e-24
7.53991728e+01 1.89690000e-24
7.54018458e+01 2.05310000e-24
7.54045187e+01 2.22200000e-24
7.54071917e+01 2.40450000e-24
7.54098647e+01 2.60180000e-24
7.54125376e+01 2.81500000e-24
7.54152106e+01 3.04530000e-24
7.54178835e+01 3.29420000e-24
7.54205565e+01 3.56300000e-24
7.54232295e+01 3.85340000e-24
7.54259024e+01 4.16700000e-24
7.54285754e+01 4.50570000e-24
7.54312484e+01 4.87140000e-24
7.54339213e+01 5.26620000e-24
7.54365943e+01 5.69250000e-24
7.54392672e+01 6.15270000e-24
7.54419402e+01 6.64930000e-24
7.54446132e+01 7.18530000e-24
7.54472861e+01 7.76380000e-24
7.54499591e+01 8.38790000e-24
7.54526321e+01 9.06130000e-24
7.54553050e+01 9.78770000e-24
7.54579780e+01 1.05710000e-23
7.54606509e+01 1.14160000e-23
7.54633239e+01 1.23280000e-23
7.54659969e+01 1.33100000e-23
7.54686698e+01 1.43700000e-23
7.54713428e+01 1.55120000e-23
7.54740157e+01 1.67440000e-23
7.54766887e+01 1.80710000e-23
7.54793617e+01 1.95020000e-23
7.54820346e+01 2.10430000e-23
7.54847076e+01 2.27040000e-23
7.54873805e+01 2.44940000e-23
7.54905214e+01 2.67740000e-23
7.54932393e+01 2.89150000e-23
7.54959571e+01 3.12230000e-23
7.54986749e+01 3.37120000e-23
7.55016193e+01 3.66280000e-23
7.55047901e+01 4.00460000e-23
7.55079609e+01 4.37760000e-23
7.55111317e+01 4.78470000e-23
7.55143025e+01 5.22880000e-23
7.55174733e+01 5.71340000e-23
7.55206441e+01 6.24190000e-23
7.55238149e+01 6.81830000e-23
7.55269857e+01 7.44690000e-23
7.55301565e+01 8.13220000e-23
7.55333273e+01 8.87930000e-23
7.55364981e+01 9.69360000e-23
7.55396689e+01 1.05810000e-22
7.55428397e+01 1.15480000e-22
7.55460105e+01 1.26020000e-22
7.55491813e+01 1.37490000e-22
7.55523522e+01 1.49990000e-22
7.55555229e+01 1.63600000e-22
7.55586938e+01 1.78420000e-22
7.55618646e+01 1.94560000e-22
7.55650354e+01 2.12120000e-22
7.55682062e+01 2.31240000e-22
7.55713770e+01 2.52040000e-22
7.55745478e+01 2.74670000e-22
7.55777186e+01 2.99290000e-22
7.55808894e+01 3.26060000e-22
7.55840602e+01 3.55190000e-22
7.55872310e+01 3.86850000e-22
7.55904018e+01 4.21280000e-22
7.55935726e+01 4.58710000e-22
7.55967434e+01 4.99390000e-22
7.55999142e+01 5.43590000e-22
7.56030850e+01 5.91620000e-22
7.56062558e+01 6.43810000e-22
7.56094267e+01 7.00490000e-22
7.56125974e+01 7.62050000e-22
7.56157683e+01 8.28910000e-22
7.56189391e+01 9.01490000e-22
7.56221099e+01 9.80290000e-22
7.56252807e+01 1.06580000e-21
7.56285647e+01 1.16210000e-21
7.56319620e+01 1.27070000e-21
7.56353593e+01 1.38910000e-21
7.56387566e+01 1.51840000e-21
7.56421539e+01 1.65940000e-21
7.56455512e+01 1.81320000e-21
7.56489485e+01 1.98090000e-21
7.56523458e+01 2.16380000e-21
7.56557431e+01 2.36310000e-21
7.56591404e+01 2.58040000e-21
7.56625377e+01 2.81720000e-21
7.56659349e+01 3.07520000e-21
7.56693322e+01 3.35630000e-21
7.56727295e+01 3.66250000e-21
7.56761268e+01 3.99590000e-21
7.56795241e+01 4.35900000e-21
7.56829214e+01 4.75430000e-21
7.56863187e+01 5.18450000e-21
7.56897160e+01 5.65270000e-21
7.56931133e+01 6.16220000e-21
7.56965106e+01 6.71650000e-21
7.56999079e+01 7.31950000e-21
7.57033051e+01 7.97520000e-21
7.57067024e+01 8.68820000e-21
7.57101139e+01 9.46680000e-21
7.57135395e+01 1.03170000e-20
7.57169651e+01 1.12420000e-20
7.57203907e+01 1.22470000e-20
7.57238871e+01 1.33640000e-20
7.57274542e+01 1.46060000e-20
7.57310214e+01 1.59600000e-20
7.57345885e+01 1.74370000e-20
7.57381557e+01 1.90470000e-20
7.57417229e+01 2.08010000e-20
7.57452900e+01 2.27130000e-20
7.57488572e+01 2.47960000e-20
7.57524668e+01 2.70940000e-20
7.57561189e+01 2.96300000e-20
7.57597710e+01 3.23960000e-20
7.57634231e+01 3.54150000e-20
7.57669477e+01 3.85870000e-20
7.57703450e+01 4.19060000e-20
7.57737423e+01 4.55030000e-20
7.57771396e+01 4.94010000e-20
7.57805369e+01 5.36240000e-20
7.57839342e+01 5.81990000e-20
7.57873315e+01 6.31530000e-20
7.57907288e+01 6.85170000e-20
7.57941261e+01 7.43250000e-20
7.57975234e+01 8.06110000e-20
7.58009207e+01 8.74150000e-20
7.58043179e+01 9.47780000e-20
7.58077152e+01 1.02740000e-19
7.58111125e+01 1.11360000e-19
7.58145098e+01 1.20680000e-19
7.58179071e+01 1.30760000e-19
7.58213044e+01 1.41650000e-19
7.58247017e+01 1.53430000e-19
7.58280990e+01 1.66160000e-19
7.58314963e+01 1.79920000e-19
7.58348936e+01 1.94780000e-19
7.58382909e+01 2.10840000e-19
7.58416882e+01 2.28180000e-19
7.58450854e+01 2.46910000e-19
7.58484827e+01 2.67130000e-19
7.58518800e+01 2.88970000e-19
7.58552773e+01 3.12530000e-19
7.58586746e+01 3.37960000e-19
7.58620719e+01 3.65400000e-19
7.58654692e+01 3.95000000e-19
7.58688665e+01 4.26930000e-19
7.58722638e+01 4.61360000e-19
7.58756611e+01 4.98490000e-19
7.58790584e+01 5.38520000e-19
7.58824556e+01 5.81660000e-19
7.58858530e+01 6.28160000e-19
7.58895617e+01 6.83050000e-19
7.58935818e+01 7.47810000e-19
7.58976019e+01 8.18530000e-19
7.59016221e+01 8.95720000e-19
7.59056705e+01 9.80600000e-19
7.59087280e+01 1.04980000e-18
7.59117856e+01 1.12380000e-18
7.59158624e+01 1.23030000e-18
7.59199391e+01 1.34660000e-18
7.59240159e+01 1.47360000e-18
7.59280926e+01 1.61220000e-18
7.59321694e+01 1.76330000e-18
7.59362461e+01 1.92820000e-18
7.59403229e+01 2.10800000e-18
7.59443996e+01 2.30400000e-18
7.59484764e+01 2.51770000e-18
7.59525531e+01 2.75050000e-18
7.59566299e+01 3.00420000e-18
7.59607066e+01 3.28050000e-18
7.59647834e+01 3.58130000e-18
7.59688601e+01 3.90880000e-18
7.59729369e+01 4.26530000e-18
7.59770136e+01 4.65320000e-18
7.59810904e+01 5.07510000e-18
7.59851671e+01 5.53410000e-18
7.59892439e+01 6.03310000e-18
7.59933206e+01 6.57550000e-18
7.59973974e+01 7.16510000e-18
7.60014741e+01 7.80570000e-18
7.60055509e+01 8.50150000e-18
7.60096276e+01 9.25730000e-18
7.60137044e+01 1.00780000e-17
7.60177811e+01 1.09690000e-17
7.60218579e+01 1.19350000e-17
7.60259346e+01 1.29840000e-17
7.60300114e+01 1.41220000e-17
7.60340881e+01 1.53550000e-17
7.60381649e+01 1.66930000e-17
7.60422416e+01 1.81430000e-17
7.60463184e+01 1.97140000e-17
7.60503951e+01 2.14170000e-17
7.60544719e+01 2.32610000e-17
7.60585486e+01 2.52570000e-17
7.60626254e+01 2.74190000e-17
7.60667021e+01 2.97590000e-17
7.60707789e+01 3.22910000e-17
7.60748556e+01 3.50310000e-17
7.60789324e+01 3.79940000e-17
7.60830091e+01 4.11980000e-17
7.60870859e+01 4.46610000e-17
7.60911626e+01 4.84050000e-17
7.60952394e+01 5.24510000e-17
7.60993161e+01 5.68210000e-17
7.61033929e+01 6.15410000e-17
7.61074696e+01 6.66380000e-17
7.61115464e+01 7.21400000e-17
7.61156231e+01 7.80790000e-17
7.61203227e+01 8.55090000e-17
7.61250223e+01 9.36170000e-17
7.61297219e+01 1.02460000e-16
7.61344215e+01 1.12110000e-16
7.61391777e+01 1.22760000e-16
7.61439339e+01 1.34380000e-16
7.61486901e+01 1.47050000e-16
7.61534463e+01 1.60870000e-16
7.61582025e+01 1.75930000e-16
7.61629587e+01 1.92340000e-16
7.61677149e+01 2.10220000e-16
7.61724711e+01 2.29680000e-16
7.61772273e+01 2.50870000e-16
7.61819835e+01 2.73930000e-16
7.61867398e+01 2.99010000e-16
7.61914960e+01 3.26290000e-16
7.61952967e+01 3.49780000e-16
7.61990974e+01 3.74900000e-16
7.62028981e+01 4.01740000e-16
7.62066988e+01 4.30410000e-16
7.62104996e+01 4.61030000e-16
7.62143144e+01 4.93870000e-16
7.62168624e+01 5.17030000e-16
7.62219583e+01 5.66520000e-16
7.62270543e+01 6.20520000e-16
7.62321502e+01 6.79430000e-16
7.62372462e+01 7.43660000e-16
7.62423421e+01 8.13680000e-16
7.62474380e+01 8.89970000e-16
7.62525340e+01 9.73060000e-16
7.62576299e+01 1.06350000e-15
7.62627258e+01 1.16200000e-15
7.62678218e+01 1.26920000e-15
7.62729177e+01 1.38570000e-15
7.62780137e+01 1.51240000e-15
7.62831096e+01 1.65010000e-15
7.62882055e+01 1.79960000e-15
7.62933015e+01 1.96210000e-15
7.62983974e+01 2.13840000e-15
7.63034933e+01 2.32980000e-15
7.63085893e+01 2.53740000e-15
7.63136852e+01 2.76260000e-15
7.63187811e+01 3.00660000e-15
7.63238771e+01 3.27100000e-15
7.63289730e+01 3.55750000e-15
7.63340690e+01 3.86770000e-15
7.63391649e+01 4.20340000e-15
7.63442608e+01 4.56670000e-15
7.63493568e+01 4.95960000e-15
7.63544527e+01 5.38450000e-15
7.63595486e+01 5.84360000e-15
7.63646446e+01 6.33980000e-15
7.63697405e+01 6.87560000e-15
7.63748365e+01 7.45410000e-15
7.63805269e+01 8.15440000e-15
7.63862174e+01 8.91670000e-15
7.63919078e+01 9.74590000e-15
7.63975983e+01 1.06480000e-14
7.64027113e+01 1.15250000e-14
7.64078243e+01 1.24690000e-14
7.64129374e+01 1.34870000e-14
7.64180504e+01 1.45820000e-14
7.64239850e+01 1.59590000e-14
7.64299196e+01 1.74570000e-14
7.64358542e+01 1.90870000e-14
7.64417888e+01 2.08590000e-14
7.64475705e+01 2.27330000e-14
7.64533523e+01 2.47650000e-14
7.64591340e+01 2.69670000e-14
7.64649157e+01 2.93510000e-14
7.64712516e+01 3.21900000e-14
7.64775874e+01 3.52850000e-14
7.64839233e+01 3.86560000e-14
7.64902592e+01 4.23280000e-14
7.64959050e+01 4.58720000e-14
7.65015508e+01 4.96920000e-14
7.65071966e+01 5.38070000e-14
7.65128424e+01 5.82390000e-14
7.65185422e+01 6.30570000e-14
7.65242421e+01 6.82440000e-14
7.65299419e+01 7.38270000e-14
7.65356417e+01 7.98320000e-14
7.65419027e+01 8.69500000e-14
7.65481636e+01 9.46550000e-14
7.65544245e+01 1.02990000e-13
7.65606855e+01 1.12000000e-13
7.65670631e+01 1.21930000e-13
7.65734408e+01 1.32660000e-13
7.65798185e+01 1.44270000e-13
7.65861962e+01 1.56810000e-13
7.65915806e+01 1.68170000e-13
7.65969651e+01 1.80280000e-13
7.66041443e+01 1.97690000e-13
7.66113235e+01 2.16640000e-13
7.66185725e+01 2.37450000e-13
7.66258912e+01 2.60320000e-13
7.66332098e+01 2.85190000e-13
7.66405284e+01 3.12230000e-13
7.66479516e+01 3.42030000e-13
7.66554794e+01 3.74890000e-13
7.66630071e+01 4.10610000e-13
7.66705349e+01 4.49410000e-13
7.66780627e+01 4.91520000e-13
7.66855904e+01 5.37200000e-13
7.66931182e+01 5.86700000e-13
7.67006459e+01 6.40310000e-13
7.67081737e+01 6.98310000e-13
7.67157014e+01 7.61040000e-13
7.67232292e+01 8.28810000e-13
7.67307569e+01 9.01980000e-13
7.67385042e+01 9.83320000e-13
7.67464711e+01 1.07380000e-12
7.67544380e+01 1.17160000e-12
7.67624048e+01 1.27740000e-12
7.67708840e+01 1.39930000e-12
7.67776276e+01 1.50360000e-12
7.67843713e+01 1.61470000e-12
7.67933627e+01 1.77420000e-12
7.68023542e+01 1.94750000e-12
7.68093880e+01 2.09340000e-12
7.68164217e+01 2.24890000e-12
7.68258000e+01 2.47210000e-12
7.68351784e+01 2.71450000e-12
7.68445985e+01 2.97870000e-12
7.68540605e+01 3.26650000e-12
7.68635225e+01 3.57840000e-12
7.68729844e+01 3.91590000e-12
7.68822007e+01 4.27080000e-12
7.68911712e+01 4.64270000e-12
7.69001418e+01 5.04230000e-12
7.69091124e+01 5.47110000e-12
7.69183130e+01 5.94300000e-12
7.69277436e+01 6.46250000e-12
7.69371742e+01 7.02020000e-12
7.69466048e+01 7.61830000e-12
7.69562445e+01 8.27370000e-12
7.69660933e+01 8.99180000e-12
7.69759421e+01 9.76150000e-12
7.69857909e+01 1.05860000e-11
7.69960649e+01 1.15060000e-11
7.70067641e+01 1.25350000e-11
7.70174633e+01 1.36380000e-11
7.70281624e+01 1.48190000e-11
7.70395551e+01 1.61680000e-11
7.70516413e+01 1.77060000e-11
7.70637276e+01 1.93600000e-11
7.70758138e+01 2.11360000e-11
7.70886249e+01 2.31570000e-11
7.71021609e+01 2.54560000e-11
7.71156969e+01 2.79300000e-11
7.71292330e+01 3.05870000e-11
7.71436228e+01 3.36210000e-11
7.71588665e+01 3.70790000e-11
7.71741102e+01 4.07990000e-11
7.71893539e+01 4.47910000e-11
7.72061415e+01 4.95110000e-11
7.72198901e+01 5.36380000e-11
7.72382216e+01 5.95160000e-11
7.72565530e+01 6.58340000e-11
7.72752929e+01 7.27580000e-11
7.72952579e+01 8.06600000e-11
7.73152230e+01 8.91120000e-11
7.73301967e+01 9.58130000e-11
7.73501617e+01 1.05230000e-10
7.73695058e+01 1.14890000e-10
7.73952978e+01 1.28550000e-10
7.74210899e+01 1.43120000e-10
7.74468819e+01 1.58550000e-10
7.74780823e+01 1.78320000e-10
7.75110854e+01 2.00490000e-10
7.75523394e+01 2.29850000e-10
7.75992552e+01 2.65230000e-10
7.76549058e+01 3.09480000e-10
7.77244691e+01 3.67530000e-10
7.78079450e+01 4.39970000e-10
7.79793897e+01 5.93440000e-10
8.48921172e+01 6.87756000e-09
8.57903734e+01 7.63333000e-09
9.97349571e+01 1.90886000e-08
1.08480873e+02 2.50222000e-08
1.49724180e+02 5.28746000e-08
2.05471117e+02 8.42525000e-08
2.60725667e+02 1.12636000e-07
4.86322355e+02 2.24449000e-07
5.82317543e+02 2.73924000e-07
7.18495893e+02 3.45650000e-07
1.00560181e+03 5.11862000e-07
1.49912930e+03 8.38156000e-07
2.00000000e+03 1.06832000e-06
2.11000000e+03 1.21490000e-06
2.37000000e+03 1.80025000e-06
2.65000000e+03 1.90588000e-06
3.00000000e+03 2.23444000e-06
3.35000000e+03 2.38712000e-06
3.74730603e+03 2.87583000e-06
4.00000000e+03 3.36056000e-06
4.20000000e+03 3.82888000e-06
4.69811503e+03 4.21329000e-06
5.30000000e+03 6.40077000e-06
6.00000000e+03 6.02094000e-06
6.89105967e+03 8.68673000e-06
7.49461207e+03 1.05530000e-05
8.40000000e+03 1.08571000e-05
9.50000000e+03 1.61300000e-05
1.13000000e+04 2.04274000e-05
1.24286497e+04 2.49478000e-05
1.30959600e+04 2.77096000e-05
1.39993698e+04 6.63320000e-04
1.40000000e+04 6.63764000e-04
1.50000000e+04 1.34073200e-03
1.60000000e+04 1.99917600e-03
1.66876113e+04 2.43155300e-03
1.77000000e+04 3.06831700e-03
2.20000000e+04 5.48190500e-03
2.30000000e+04 6.10300400e-03
2.60000000e+04 7.87353600e-03
2.80000000e+04 8.63855500e-03
3.00000000e+04 9.64741800e-03
3.59929201e+04 1.33607150e-02
3.60000000e+04 1.33651200e-02
4.00000000e+04 1.53632270e-02
4.50000000e+04 1.74886350e-02
4.64052900e+04 1.82201840e-02
5.00000000e+04 3.58804740e-02
5.19309000e+04 4.44398400e-02
5.36138319e+04 5.72355410e-02
5.60000000e+04 7.53753300e-02
5.67928458e+04 8.00457480e-02
6.00000000e+04 9.89311400e-02
7.09843783e+04 1.44975221e-01
7.10000000e+04 1.45041240e-01
8.00000000e+04 1.97487684e-01
8.20887700e+04 2.07454246e-01
9.00000000e+04 2.68500466e-01
1.00000000e+05 3.22476759e-01
1.02814404e+05 3.34787281e-01
1.03477200e+05 3.37688351e-01
1.20000000e+05 4.23055424e-01
1.25132471e+05 4.46337606e-01
1.29850900e+05 4.67749945e-01
1.40000000e+05 5.28705390e-01
1.43957492e+05 5.46816213e-01
1.51112700e+05 5.79531332e-01
1.60000000e+05 6.35065844e-01
1.71440600e+05 6.78003223e-01
1.72123500e+05 6.80732226e-01
1.85368970e+05 7.49159639e-01
1.97964900e+05 8.14229605e-01
2.00000000e+05 8.26253423e-01
2.11538043e+05 8.69003842e-01
2.26390400e+05 9.24059363e-01
2.40000000e+05 9.87802366e-01
2.46783274e+05 1.00505345e+00
2.50199100e+05 1.01372957e+00
2.60111500e+05 1.03897931e+00
2.92393400e+05 1.14103517e+00
2.95933500e+05 1.15361228e+00
3.00000000e+05 1.16826005e+00
3.34273400e+05 1.23467824e+00
3.39972700e+05 1.24848868e+00
3.40000000e+05 1.24855492e+00
3.58833300e+05 1.27595919e+00
3.68644200e+05 1.29042106e+00
3.70583500e+05 1.29414203e+00
3.94912500e+05 1.34198995e+00
4.00000000e+05 1.35269110e+00
4.16559000e+05 1.37538517e+00
4.28586400e+05 1.39640265e+00
4.35600000e+05 1.41099039e+00
4.40000000e+05 1.42018587e+00
4.40482200e+05 1.42073753e+00
4.47628700e+05 1.42891362e+00
4.56450400e+05 1.44165630e+00
4.73322500e+05 1.46629405e+00
4.76332400e+05 1.47119402e+00
4.87081300e+05 1.49235436e+00
5.00000000e+05 1.51778989e+00
5.12108300e+05 1.52973243e+00
5.34684700e+05 1.55801325e+00
5.35516300e+05 1.55908428e+00
5.40000000e+05 1.56615038e+00
5.52762000e+05 1.57615586e+00
5.55398839e+05 1.57822318e+00
5.70437500e+05 1.58995798e+00
5.90322500e+05 1.60547754e+00
6.00000000e+05 1.61430646e+00
6.10689500e+05 1.61670643e+00
6.17109821e+05 1.61885859e+00
6.19045200e+05 1.61950083e+00
6.35887200e+05 1.62529277e+00
6.40000000e+05 1.62732185e+00
7.00000000e+05 1.64717987e+00
7.19961458e+05 1.66018971e+00
7.61000000e+05 1.68684584e+00
8.25000000e+05 1.72369290e+00
9.00000000e+05 1.72675581e+00
9.58000000e+05 1.71043015e+00
1.04000000e+06 1.73051001e+00
1.10000000e+06 1.76774080e+00
1.12344312e+06 1.77487263e+00
1.16900000e+06 1.78866832e+00
1.40000000e+06 1.87998122e+00
1.55500000e+06 1.94859599e+00
1.72700000e+06 2.01208059e+00
2.00000000e+06 2.11576583e+00
2.17100000e+06 2.16197083e+00
2.37000000e+06 2.20222525e+00
2.60000000e+06 2.22971020e+00
2.92700000e+06 2.25587442e+00
3.34400000e+06 2.26135254e+00
3.92700000e+06 2.26626828e+00
4.40000000e+06 2.26249805e+00
4.89700000e+06 2.25126473e+00
5.38200000e+06 2.23836495e+00
5.50000000e+06 2.22318578e+00
5.60000000e+06 2.18998622e+00
5.70000000e+06 2.14019746e+00
5.85000000e+06 2.03532735e+00
6.00000000e+06 1.91000872e+00
6.40000000e+06 1.56356892e+00
7.00000000e+06 1.14053976e+00
7.40000000e+06 9.43958929e-01
7.76000000e+06 8.19299967e-01
8.40000000e+06 6.98940998e-01
9.00000000e+06 6.40141967e-01
9.37000000e+06 6.10921000e-01
1.00000000e+07 5.74462006e-01
1.01410820e+07 5.65889440e-01
1.02841544e+07 5.57195930e-01
1.04292453e+07 5.48379771e-01
1.05763832e+07 5.39439232e-01
1.07255969e+07 5.30372557e-01
1.08769158e+07 5.21177968e-01
1.10000000e+07 5.13699003e-01
1.11551902e+07 5.03815696e-01
1.13125698e+07 4.93792954e-01
1.14700000e+07 4.83766996e-01
1.16318211e+07 4.75942298e-01
1.17959251e+07 4.68007207e-01
1.19623444e+07 4.59960167e-01
1.21000000e+07 4.53303964e-01
1.22707092e+07 4.42660265e-01
1.24438268e+07 4.31866402e-01
1.25000000e+07 4.28364012e-01
1.26763525e+07 4.14792722e-01
1.28551930e+07 4.01029965e-01
1.28600000e+07 4.00660041e-01
1.30414314e+07 3.91014677e-01
1.32254226e+07 3.81233234e-01
1.32254226e+07 3.81233234e-01
1.34120095e+07 3.71313793e-01
1.35000000e+07 3.66635990e-01
1.36904607e+07 3.56334732e-01
1.38836085e+07 3.45888143e-01
1.40000000e+07 3.39592990e-01
1.41975148e+07 3.38320217e-01
1.43978162e+07 3.37029487e-01
1.45000000e+07 3.36371020e-01
1.47045689e+07 3.37208092e-01
1.49120239e+07 3.38056972e-01
1.50000000e+07 3.38416960e-01
1.52116230e+07 3.38172762e-01
1.54262316e+07 3.37925119e-01
1.56438680e+07 3.37673983e-01
1.58645748e+07 3.37419303e-01
1.60000000e+07 3.37263032e-01
1.62257312e+07 3.35298931e-01
1.64546471e+07 3.33307121e-01
1.66867925e+07 3.31287209e-01
1.69222131e+07 3.29238800e-01
1.70000000e+07 3.28561972e-01
1.72398394e+07 3.25623472e-01
1.74830625e+07 3.22643516e-01
1.77297170e+07 3.19621518e-01
1.79798514e+07 3.16556884e-01
1.79798514e+07 3.16556884e-01
1.80000000e+07 3.16310025e-01
1.82539476e+07 3.11481954e-01
1.85114779e+07 3.06585769e-01
1.87726416e+07 3.01620506e-01
1.87726416e+07 3.01620506e-01
1.90000000e+07 2.97297951e-01
1.92680558e+07 2.92743959e-01
1.95398934e+07 2.88125718e-01
1.98155661e+07 2.83442322e-01
1.98155661e+07 2.83442322e-01
2.00000000e+07 2.80308980e-01
2.02821640e+07 2.76256540e-01
2.05683088e+07 2.72146926e-01
2.08584906e+07 2.67979334e-01
2.10000000e+07 2.65946976e-01
2.12962722e+07 2.62069672e-01
2.15967243e+07 2.58137666e-01
2.19014152e+07 2.54150187e-01
2.20000000e+07 2.52860011e-01
2.23103804e+07 2.49151268e-01
2.26251397e+07 2.45390201e-01
2.29443397e+07 2.41576072e-01
2.30000000e+07 2.40910986e-01
2.33244886e+07 2.37448360e-01
2.36535551e+07 2.33936883e-01
2.39872642e+07 2.30375865e-01
2.40000000e+07 2.30239961e-01
2.43385968e+07 2.26964373e-01
2.46819706e+07 2.23642573e-01
2.50000000e+07 2.20565954e-01
2.53527050e+07 2.17468521e-01
2.57103860e+07 2.14327389e-01
2.60000000e+07 2.11784017e-01
2.63668132e+07 2.08836676e-01
2.67388015e+07 2.05847754e-01
2.70000000e+07 2.03749026e-01
2.73809214e+07 2.00991533e-01
2.77672169e+07 1.98195137e-01
2.80000000e+07 1.96510018e-01
2.83950296e+07 1.93786663e-01
2.87956324e+07 1.91024887e-01
2.90000000e+07 1.89615966e-01
2.94091378e+07 1.87093247e-01
2.98240478e+07 1.84534938e-01
3.00000000e+07 1.83450027e-01
