27
1.00000000e-05 2.44320000e+00
2.53000000e-02 2.44320000e+00
1.00000000e+05 2.45063000e+00
4.00000000e+05 2.47776000e+00
8.00000000e+05 2.51112000e+00
1.20000000e+06 2.54810000e+00
1.60000000e+06 2.58811000e+00
2.00000000e+06 2.63171000e+00
2.40000000e+06 2.67879000e+00
2.80000000e+06 2.72937000e+00
3.20000000e+06 2.78333000e+00
3.60000000e+06 2.84057000e+00
4.00000000e+06 2.90099000e+00
4.40000000e+06 2.96305000e+00
4.80000000e+06 3.02799000e+00
5.20000000e+06 3.09581000e+00
5.40000000e+06 3.13070000e+00
5.50000000e+06 3.14560000e+00
5.50000000e+06 3.15255000e+00
6.00000000e+06 3.27903000e+00
7.00000000e+06 3.41465000e+00
8.00000000e+06 3.54850000e+00
9.00000000e+06 3.69081000e+00
1.15000000e+07 4.05560000e+00
1.50000000e+07 4.58720000e+00
1.60000000e+07 4.74600000e+00
3.00000000e+07 6.41400000e+00
