152
4.51063200e+04 0.00000000e+00
5.00000000e+04 7.57475000e-02
5.50000000e+04 1.29300000e-01
6.00000000e+04 1.70305000e-01
7.00000000e+04 2.78429000e-01
7.50000000e+04 3.17493000e-01
8.00000000e+04 3.69167000e-01
9.00000000e+04 4.50686000e-01
1.00000000e+05 5.19299000e-01
1.20000000e+05 6.39814000e-01
1.40000000e+05 7.74211000e-01
1.49008700e+05 8.17325737e-01
1.60000000e+05 8.70600667e-01
1.85000000e+05 9.73003870e-01
2.00000000e+05 1.03057625e+00
2.40000000e+05 1.16848120e+00
3.00000000e+05 1.34256169e+00
3.08481600e+05 1.36196498e+00
3.40000000e+05 1.43407432e+00
4.00000000e+05 1.54654336e+00
4.35600000e+05 1.60672722e+00
4.40000000e+05 1.61424000e+00
5.00000000e+05 1.72062000e+00
5.20295300e+05 1.74790703e+00
5.40000000e+05 1.77440000e+00
6.00000000e+05 1.86045000e+00
6.40000000e+05 1.90987000e+00
6.80000000e+05 1.94410000e+00
6.82991800e+05 1.94263816e+00
7.00000000e+05 2.01846001e+00
7.35031300e+05 2.10787296e+00
7.40000000e+05 2.12725000e+00
7.79187600e+05 2.22461160e+00
8.00000000e+05 2.27632001e+00
8.20000000e+05 2.31735001e+00
8.30142600e+05 2.33692607e+00
8.40000000e+05 2.35614000e+00
8.60000000e+05 2.39045000e+00
9.00000000e+05 2.45445400e+00
9.20000000e+05 2.48403800e+00
9.31138800e+05 2.49240953e+00
9.34492900e+05 2.49880431e+00
9.40000000e+05 2.52447000e+00
9.54145800e+05 2.55502040e+00
9.60000000e+05 2.58033800e+00
9.70223700e+05 2.59717732e+00
9.70404400e+05 2.59774696e+00
1.00000000e+06 2.69104701e+00
1.00145500e+06 2.69250689e+00
1.00180700e+06 2.69314299e+00
1.02000000e+06 2.74408099e+00
1.03235600e+06 2.76807101e+00
1.04000000e+06 2.78704600e+00
1.04164500e+06 2.78885369e+00
1.06000000e+06 2.83444700e+00
1.06085600e+06 2.83452995e+00
1.06221200e+06 2.83493561e+00
1.06415000e+06 2.83675185e+00
1.06476300e+06 2.83771946e+00
1.08126200e+06 2.88041896e+00
1.10000000e+06 2.92891300e+00
1.11039500e+06 2.94381279e+00
1.12000000e+06 2.96395799e+00
1.13362300e+06 2.97551333e+00
1.13554100e+06 2.97927465e+00
1.14000000e+06 2.98877897e+00
1.14051200e+06 2.98929058e+00
1.15557600e+06 3.01776157e+00
1.15587700e+06 3.01833046e+00
1.16000000e+06 3.02617200e+00
1.16792800e+06 3.03371463e+00
1.17293900e+06 3.03925204e+00
1.17383300e+06 3.04037536e+00
1.20000000e+06 3.08736700e+00
1.22000000e+06 3.11064702e+00
1.22896500e+06 3.11661042e+00
1.23722000e+06 3.12792079e+00
1.24000000e+06 3.13192800e+00
1.24455100e+06 3.13466048e+00
1.24816600e+06 3.13829981e+00
1.26000000e+06 3.15034301e+00
1.26624300e+06 3.15173510e+00
1.27457800e+06 3.15461349e+00
1.28395700e+06 3.15787270e+00
1.29109800e+06 3.16441873e+00
1.30000000e+06 3.17273999e+00
1.34000000e+06 3.18674799e+00
1.40000000e+06 3.16148095e+00
1.44000000e+06 3.12524904e+00
1.50000000e+06 3.08687698e+00
1.54000000e+06 3.07284602e+00
1.60000000e+06 3.07871997e+00
1.64000000e+06 3.08861099e+00
1.70000000e+06 3.10544699e+00
1.80000000e+06 3.12646501e+00
1.90000000e+06 3.13469652e+00
1.94500000e+06 3.14467737e+00
2.10000000e+06 3.15901753e+00
2.17000000e+06 3.15660092e+00
2.24000000e+06 3.16104529e+00
2.40000000e+06 3.16766413e+00
2.50000000e+06 3.14646926e+00
2.57500000e+06 3.14001059e+00
2.76000000e+06 3.10494559e+00
3.00000000e+06 3.08025822e+00
3.10000000e+06 3.05721855e+00
3.40000000e+06 3.00999073e+00
3.60000000e+06 2.98059052e+00
4.00000000e+06 2.92256946e+00
4.25000000e+06 2.88529676e+00
4.50000000e+06 2.85378346e+00
4.70000000e+06 2.82871073e+00
5.00000000e+06 2.79229460e+00
5.50000000e+06 2.74082488e+00
5.70000000e+06 2.71691661e+00
6.00000000e+06 2.65346844e+00
6.30000000e+06 2.51014878e+00
6.40000000e+06 2.43885890e+00
6.50000000e+06 2.34809884e+00
7.00000000e+06 1.80207948e+00
7.50000000e+06 1.35427993e+00
8.00000000e+06 1.07373003e+00
8.50000000e+06 9.07011942e-01
9.00000000e+06 8.06685962e-01
9.60000000e+06 7.31479002e-01
1.00000000e+07 6.96167948e-01
1.05000000e+07 6.60826022e-01
1.10000000e+07 6.31320977e-01
1.15000000e+07 6.05038020e-01
1.20000000e+07 5.81216040e-01
1.25000000e+07 5.59671956e-01
1.27500000e+07 5.49630984e-01
1.30000000e+07 5.39599989e-01
1.35000000e+07 5.20657989e-01
1.40000000e+07 5.02726009e-01
1.45000000e+07 4.85871997e-01
1.50000000e+07 4.69826977e-01
1.60000000e+07 4.41094013e-01
1.70000000e+07 4.15555004e-01
1.80000000e+07 3.92758948e-01
1.90000000e+07 3.72798953e-01
2.00000000e+07 3.55492002e-01
2.10000000e+07 3.39589999e-01
2.20000000e+07 3.25636984e-01
2.30000000e+07 3.13017984e-01
2.40000000e+07 3.02000041e-01
2.50000000e+07 2.92379986e-01
2.60000000e+07 2.83636995e-01
2.70000000e+07 2.75902067e-01
2.80000000e+07 2.68723044e-01
2.90000000e+07 2.62282998e-01
3.00000000e+07 2.56345996e-01
